RespId
470001
470002
470003
470007
480008
480009
480010
470008
470010
470011
470013
470016
480020
470017
470018
470019
470022
470025
470027
470028
470029
470030
470031
470033
470034
470035
470036
470037
470038
470039
470040
470042
470043
470044
470045
470046
480053
470049
470050
480056
470051
470052
470053
470056
470057
470058
470059
470061
470062
470064
470065
470067
470068
470070
470071
470072
470073
470074
480081
470075
470077
470079
470080
470082
470087
470088
470089
470090
470092
470094
470096
470097
470098
470100
470101
470102
470103
470104
470106
470107
470108
470109
470111
470112
470113
470115
470116
470117
470118
470119
480127
470120
470121
470122
470125
470126
470127
470128
470131
470133
470134
470135
470137
470138
470139
470140
470141
470142
480152
470143
470144
470145
470146
470147
470148
470149
470151
470152
470154
470158
470159
470160
470162
470163
470164
470165
470167
470168
470169
480183
470172
470174
470175
470177
470179
470180
470181
470182
470183
470184
470186
470187
470188
470189
470190
470191
470193
470196
470198
470200
470201
470205
470206
470207
470208
480222
470212
470213
470214
470215
480230
470216
470217
470218
470219
470220
470222
470225
470228
470229
470230
470232
470233
470235
470237
470238
470239
470241
470242
470243
470246
470247
470248
470250
470251
470255
480273
470256
470257
470259
470260
470262
470266
470267
470268
470270
470271
470272
470273
480292
470274
470275
470276
480296
470277
470278
470279
470282
470283
480304
470284
470285
470286
470289
470290
470291
470292
470293
470294
470301
470305
470309
470310
470311
470312
470313
470314
480336
480339
470317
470319
470320
470321
470322
470323
470326
470329
470330
470331
470332
470333
470334
470338
470340
470341
470343
470344
470345
470348
470349
470350
470351
470352
470353
470354
470355
470356
470358
480385
470359
470361
470362
470363
470364
470365
470366
470367
470370
470371
470372
470373
470374
470375
470376
470377
470379
470382
470383
470384
470385
470387
470389
470391
470392
470393
470394
470395
470396
470397
470399
470403
480432
470405
470407
470408
470409
470411
470412
470414
470415
470416
470417
470419
470420
470421
470422
470423
470424
470425
480454
470426
470427
470428
470429
470430
470431
470433
470434
470436
470437
470439
470440
470442
470444
470445
470446
470448
480478
470449
470450
470451
470452
470455
470457
470458
470459
470460
480491
470461
470466
470468
470469
470470
470471
470472
470474
470476
470477
470478
470480
470481
470482
470483
470484
470485
470487
470488
480520
470489
470490
470491
470492
470495
470496
470497
470498
470499
480532
470501
470502
470503
470504
470505
470506
480540
470507
470508
470513
470514
470515
470517
470518
470519
470520
470521
470523
470524
470525
470526
470527
470528
470529
470530
470531
470532
470535
470536
470540
470541
470542
470543
470545
470547
470548
470549
470550
470552
470554
470556
470557
470558
470559
470560
470561
470562
470564
470565
470567
470568
470570
470571
470572
470573
470574
470575
470576
470577
480614
470580
470581
470582
470583
480620
470584
470585
470586
470587
470589
470591
470593
470595
470596
470597
470599
470600
470601
470602
470605
470607
470608
470609
470612
470613
470614
470615
470617
470618
470619
470621
470623
470625
470626
470628
470629
470630
470631
470632
470633
470634
470636
470637
470640
470641
470643
470645
470646
470647
470648
470649
470650
470651
470652
470653
470654
470655
480693
470657
470659
470660
480699
470662
470663
470664
470665
470666
470667
470668
480708
470670
470671
470673
470674
470675
470676
470678
470679
470681
470683
470684
470685
470687
470689
470691
470692
470694
470695
470696
470698
470699
470700
470701
470703
470705
470706
470707
470708
470711
470712
470713
480755
470715
470718
470719
470720
470721
470722
470723
470724
470725
470726
470727
480771
470729
470730
470732
470736
470738
470739
470741
470742
470743
470744
470745
470746
470748
470749
470750
470753
470755
470756
470757
470758
480804
470759
470760
470761
470763
470764
470765
470768
470771
470773
470775
470776
470777
470778
470780
470781
470782
470784
470786
470787
470788
470790
470791
470792
470794
480841
470795
470796
470797
470798
470799
470800
470801
470802
470803
470804
470808
470811
470813
470814
480863
470816
470817
470818
470819
470820
470821
470822
470823
470825
470826
470827
470828
470830
470832
470837
470838
470839
470840
470841
470842
470843
470844
470845
470848
470849
470852
470854
470855
480904
470856
470857
470858
470859
470862
470863
470864
470865
470866
470868
470870
470871
470872
470873
470875
470876
470877
470878
470880
470881
470882
470883
470885
470887
470888
470889
470890
470893
470894
470895
470896
470898
470899
470900
470901
470902
470904
470905
470906
470907
470908
470911
470912
470914
470915
470920
470923
470924
470925
470926
470928
470930
470932
470933
470934
470935
470937
470938
470939
470940
470941
470942
470943
470944
470946
470948
470949
470950
470953
470954
470956
470957
470958
470959
470961
470962
481016
470963
470964
470965
470968
470971
470972
470973
481028
470974
481030
470975
470976
470977
470978
470979
470980
470981
470984
470987
470988
470991
470992
470993
470995
470996
470997
470998
470999
471000
471003
471004
471006
471007
471008
471009
471011
471012
471013
471014
471016
471017
471018
471019
471020
471021
471022
471023
471024
471025
471026
471027
471028
471031
471033
471034
471035
471036
471038
481096
471039
471040
471041
471042
471043
471044
471045
471046
471047
471049
471050
471051
471054
471056
471057
471058
471061
471062
481123
471064
471065
471067
471069
471071
471072
471076
471077
471078
471080
471081
471082
471084
471085
471087
471088
471090
471092
471093
471094
471095
481159
471096
471098
471101
481170
471105
471106
471107
471108
471109
471111
471112
471114
471115
471116
471117
481185
471118
471121
471122
471125
471126
471128
471130
471131
471133
471134
471136
471137
471138
471142
471143
471144
471147
471148
471149
471150
471151
471152
471153
471154
471155
471156
481227
481228
471158
471160
471161
471162
471163
471164
471165
481237
471166
471168
471169
471170
471171
471172
471174
471175
471176
471180
471181
471182
471183
471184
471185
471186
481260
471187
471188
471189
471190
471191
471192
471193
471194
471195
471196
471197
471198
471200
471201
471202
471203
471204
481280
471207
481284
471209
481287
471213
471214
471216
471217
471218
471219
471220
471221
471223
471224
471225
471226
471229
471230
471231
471232
471234
471235
471236
471237
471238
481317
471239
471240
471241
471242
471243
471244
471245
471247
471248
471249
471250
471252
471253
471254
471255
471256
471257
471258
471259
471261
471263
471264
471265
471266
481346
471267
471268
471269
471270
471271
471272
471273
471274
471276
471277
481358
481359
471278
471280
471281
471282
471283
471284
471285
471286
471288
471289
471290
481374
471292
471293
471294
471295
471296
471297
471298
471299
481384
471300
471301
471302
471303
471304
471305
481392
471307
481394
471308
471310
471311
471314
471316
471317
471318
471320
471322
471323
471324
471326
471327
471328
471330
471335
471337
471339
471340
471341
471342
471343
471344
471345
471347
471349
481437
471350
471351
471353
471354
471355
471356
471357
471358
471359
481448
471360
471362
471363
471365
471366
471367
471368
471369
471371
471372
471374
471375
471376
471379
471380
471383
471384
471385
471388
471390
471391
471392
471393
471394
471395
471396
471398
471400
471401
471402
471403
471404
481494
481495
471405
471408
471410
471411
471412
471415
471417
471418
471419
471420
471421
471422
471423
471425
471426
471427
471429
471430
481524
471433
471434
471435
471438
471440
471441
471442
471445
471446
471447
471449
481542
471450
471451
471453
471454
471455
471456
471457
471458
471461
471462
481556
471463
481558
471464
471465
471466
471468
471470
471471
471472
471473
471474
471475
471477
471478
471479
471480
481576
481577
471482
471483
471485
471486
471489
471491
471494
471495
471497
471498
471499
471500
471501
471502
471503
471504
471505
471508
471509
471510
481608
471511
471512
471514
471516
471517
471519
471521
471523
471524
471525
471526
471527
471528
471530
471531
471537
471538
471540
471542
471544
471545
471547
471548
471549
471551
471552
471553
471554
471555
471557
481661
471559
471562
471565
471567
481672
471568
471569
471571
481680
471576
471577
471578
471579
481688
471581
471583
481692
471584
471590
471591
471592
471594
471595
471596
471597
471598
471600
471601
471602
471603
471604
471605
471606
471608
471612
471613
471614
471615
471616
471618
471619
471620
471621
471623
471624
471625
471626
471629
471630
471631
471633
471634
471635
471639
471640
471642
471643
471644
481756
471646
481758
471647
471648
471649
471650
471651
471653
471654
471655
471656
471658
471660
471661
471662
471664
471665
471666
471667
471668
471670
471671
471672
471673
471674
471675
471676
471680
471681
471682
471683
471684
471685
471686
471687
471691
471692
471693
471694
471695
481809
471696
471697
471698
471699
471700
471701
471703
471705
471706
471707
471708
471709
471710
471711
471713
471716
471718
471719
471721
471723
471724
471725
471727
471728
471729
481846
471731
471735
471736
471737
471738
471739
471740
471741
481859
471742
471743
471744
471745
471746
471747
481866
471748
481868
471750
471751
471752
471754
471755
471757
471758
471759
471760
471761
471762
471763
471764
471766
471768
471769
471770
471772
471773
471774
481895
471775
471781
471782
471783
471784
471786
471788
471789
471791
471792
471794
471795
471796
471797
471798
471799
471801
471802
471803
471806
471807
471808
471809
471810
471811
481934
471812
471813
471814
471816
471819
481943
471821
471822
471824
471825
481950
481951
471826
471827
471828
471829
471830
471831
471832
471835
471836
471838
471839
471844
471845
471847
471848
481975
471850
471851
471852
471855
471856
481984
471858
471859
471862
471864
471867
471868
471869
471870
471871
471872
471875
471877
471878
471879
471881
471882
471883
471884
471885
471886
471887
471888
471889
471893
471895
471896
471897
471898
471900
482034
471901
471902
482038
471904
471906
471910
471912
471914
471915
471916
482053
482054
471917
471918
471919
471920
471922
471923
471926
482067
471928
471929
471930
471931
471932
471933
471934
471935
471936
471937
471938
471939
471941
471944
471945
471947
471948
471949
471950
471953
471954
471955
471957
471958
471959
471960
471961
471962
471963
471964
471965
471966
471967
471968
471969
471970
482113
471972
471973
471975
471976
471977
471978
471982
471983
471986
471987
471989
471990
471994
471996
471997
471999
472000
472002
472003
472004
472008
472009
472010
482153
472011
472012
472013
472014
472015
472016
472017
482161
482162
472018
472019
472020
472021
472022
482169
472024
472029
472030
472031
472032
472033
472034
472036
472037
472039
472041
472042
472043
472044
472045
472046
472047
472048
482196
472050
482198
472051
472053
472054
472055
472056
472057
472058
472059
472060
482210
472062
472063
472064
472065
472066
472067
472068
472069
472070
472071
472072
472074
472079
472080
472082
472084
472085
472086
472087
472088
472089
472093
472094
472095
472096
472097
472098
472099
472100
472102
472104
472105
472106
472108
472110
472111
472113
482264
472115
472116
472117
472121
472124
472127
472128
472129
472130
472131
482283
472132
472134
472135
472136
472137
472138
472139
472140
472144
472146
472147
472148
472151
472152
482305
472154
472157
472159
472160
472162
472163
472164
472165
472166
482321
472167
472168
472169
482325
472170
472171
472173
472174
472175
472176
472179
472180
472183
472184
472185
472187
472188
472189
472192
472193
472195
472196
472197
472198
472199
472200
472201
472202
472203
472204
472205
472207
472209
472210
472212
472213
472214
472215
472216
472220
472221
472223
472224
472225
472226
472228
472230
472232
472235
472236
472239
472240
472242
472243
472244
472245
472247
472248
472249
472250
472251
472252
472253
472254
472255
472256
472258
472260
472261
472262
472263
472265
472266
472267
472268
482431
482432
472270
472271
472274
472275
472276
472277
472280
472281
472283
472284
472287
472288
472289
472290
472292
472293
472294
472295
472297
472298
472299
472300
472302
482466
472303
472304
472305
472306
472307
472309
472310
472311
472313
472314
472316
472317
472319
472321
472322
472323
472325
472326
472327
472328
472329
472331
472333
472334
472335
472336
472340
472341
472343
472348
472349
472351
472352
472353
472354
472355
472357
472358
472359
482524
472362
472363
472364
472366
472367
472368
472369
472370
472371
472372
472374
472375
472377
472380
472381
472382
472384
472385
472386
472387
472388
472391
472393
472394
482560
472396
472397
472398
472399
472400
472401
472403
472404
472405
472406
482573
472409
472410
482578
472411
472412
472413
472414
472415
472416
472417
472419
472420
472421
472423
472424
472425
472427
472430
472431
472432
472433
472434
472436
472438
472440
472441
472442
472443
472444
472445
472446
482615
472447
472450
472451
472452
472454
482624
472455
472457
472458
482629
472459
472460
482633
472464
472465
472466
472468
472471
472472
472473
472474
472475
472476
472477
472478
472479
472480
472482
472484
472485
472488
472491
472492
472493
472494
472497
472499
472500
472501
472502
472503
472504
472505
472507
482680
472508
472509
472511
472512
482686
472517
472520
472521
472522
472523
472525
482700
472526
472527
472528
472529
472531
472532
472533
472534
472536
472537
472538
472539
472540
472541
472542
472543
472544
472545
472546
472547
472548
482726
472549
472550
472551
472552
472554
472555
472556
472559
472560
472561
472563
472564
472566
472567
472568
472570
472571
472573
472576
472577
472578
472579
472580
472581
472582
472583
472584
472585
482769
472587
472589
472590
472591
472592
472593
472594
472595
472596
472597
472598
472599
482783
472600
482785
472604
472605
472606
472608
472609
472610
472611
472612
472613
472614
472617
472618
472619
472620
472621
472622
472623
472624
472627
472629
472631
472632
472634
472636
482823
472637
472638
472640
472642
472643
472644
472645
472646
472648
482836
472650
472651
472652
472653
472654
472655
472656
472658
482847
472660
472661
472663
472665
472666
472667
472669
472670
472671
472672
472673
472676
472680
472681
482871
472682
472683
472684
472686
472687
472688
472689
472691
472692
472693
472694
472695
472696
472699
472703
472704
472705
472706
472707
472708
472709
472710
472711
472712
472713
472714
472715
472716
472718
472719
472720
472721
472722
472723
472724
472727
472728
472730
482922
472731
472732
472735
472739
472741
472743
472744
472745
472746
472747
472750
472751
472752
482945
472754
472756
472757
472758
472759
472761
472763
472764
472765
472767
472768
472769
482963
472772
472773
472774
472775
472776
472777
472778
472779
472780
472781
472782
472783
472784
472785
472787
472788
472789
472790
472791
472792
472794
472795
472796
472798
472800
472801
472806
472807
472808
483004
472809
472810
472813
472816
472817
472818
483015
472821
472822
472823
472825
472826
472827
472828
472829
472830
472831
472832
472834
483034
472837
472838
472839
483039
472842
472843
472844
472847
472848
472850
472851
472852
472853
472855
472856
483059
472857
472858
472860
472861
472862
472863
472867
472869
472871
472872
472874
472875
472876
472877
472878
472879
472882
472883
472884
472885
472887
472888
472889
472891
472892
472893
472895
472897
472898
472899
472902
472903
472905
472906
472907
472909
472910
472911
472912
472914
472915
472916
483120
472917
483122
472918
472919
472920
483126
472923
472927
472928
472930
483138
472932
472933
472934
472935
472936
483149
472940
472942
472943
472944
472945
472948
472951
472952
472953
472954
472955
472957
472959
472961
472962
472963
472964
472965
472967
472968
472970
483183
472971
472972
472974
472975
472977
472980
472981
472983
472985
472986
472987
472988
472990
472991
472992
472993
472995
472996
472997
472999
473000
473001
473002
473004
473005
473006
473007
473009
473010
473011
473013
473015
473017
483235
473020
473022
473023
473024
473025
473026
473027
473029
473030
473031
473033
473034
473036
473037
473038
473039
483257
473041
473042
473044
473045
473046
473047
473048
473049
483267
473050
473052
473054
473055
473056
473060
473062
473064
473066
473067
473069
473070
473073
473074
473075
473077
473078
473079
473080
473082
473084
473085
473087
473088
473089
473090
473092
473093
473096
473097
473098
473099
473100
473104
473106
473109
473110
473111
473112
473113
473116
473117
473118
473119
473120
473121
473125
473126
473128
473130
483351
473134
473135
473136
473138
473139
473140
473141
473142
473143
473145
473146
473149
473150
473151
473152
473153
473154
473155
473158
473159
473160
473161
473162
473163
473164
473165
473166
473167
473168
473170
473171
473172
473173
473176
483396
473177
473178
473179
473180
473183
473184
473186
473187
473188
473189
473190
473191
483413
473193
473194
473195
473196
483419
473201
473202
473203
473204
473205
473206
473208
473209
473210
473211
473213
473214
473215
473216
473217
473218
473219
473220
473221
473222
473223
473224
473225
473227
473229
483452
473230
473233
473235
473240
473245
473247
473249
473250
473251
473252
473253
483478
473254
473255
473256
473257
473258
473260
473261
473262
473263
473264
473265
473266
473267
473268
473269
473270
473274
473275
473276
473279
473280
473281
473282
473283
473285
473287
473288
473289
473290
473291
473292
473293
473294
473295
483526
473300
473301
483530
473303
473304
473305
473306
473307
473308
483537
473309
473310
473311
473312
473313
473314
473316
473317
473318
473319
483549
473320
473321
473322
473323
483555
473325
473326
473327
473329
473330
483562
473331
473332
473333
473335
473336
473337
473338
473339
473341
473342
483576
473343
473346
473347
473348
473349
473351
473352
473353
473354
483589
483590
473355
473356
473358
473359
473360
473361
473362
473363
483601
473365
473366
473367
473368
473370
473371
473373
473376
473377
473378
473381
473383
473384
473385
473388
473393
473395
473396
473397
473400
473401
473402
473403
473404
473405
473406
473407
473408
473409
473410
473411
473413
483656
473416
473417
473418
473420
473421
473422
473424
473425
473426
483670
473428
473432
473433
473436
473438
473440
473441
473446
473447
473449
473450
473451
473452
473455
473456
473459
473462
473465
473466
473468
473469
473473
473474
473476
473477
473482
473483
473485
483730
473486
473490
473491
473493
483739
473495
473498
473499
473500
473502
473503
473505
473506
473507
473511
473512
473513
473516
473517
473518
473519
473520
473521
473522
473523
473525
473526
473528
473536
473537
473538
473539
473540
473541
473542
473546
473548
483796
473549
473550
473554
473556
473557
473559
473561
473562
483812
483813
483814
473563
473564
483817
473565
473567
473569
473571
473572
473573
473574
473575
473576
473577
473578
473579
473580
483834
473581
473583
473584
473585
473586
473587
473588
473589
473590
473592
473593
473594
473595
473596
473597
473598
473599
473601
473602
473603
473604
473606
473607
473608
473610
473611
473613
473614
473615
473616
473617
473619
473620
473621
473622
483880
473623
473624
473625
473626
473627
473628
473629
473631
473632
473633
473635
473636
473637
473638
473641
483902
473643
473644
473646
473647
473650
473651
473652
473654
473656
473657
473660
473661
473663
473664
473665
473666
473668
473669
473671
473673
473674
473675
473678
473679
473680
473683
473684
473685
473686
473687
483949
473688
473689
473690
473692
473693
473695
473696
473697
473698
473699
473700
473701
473702
473703
473704
473706
473707
473708
473712
473713
473714
473715
473716
473717
473718
473719
473720
473721
473722
473723
473724
473725
473728
483994
473730
473731
473732
473734
473735
473736
473737
473738
473739
473740
473742
473743
473746
473747
473748
473751
473752
473753
473754
473756
473757
473758
473761
473762
473763
473764
473766
473767
473770
473773
473775
473776
473777
473778
473780
473781
473783
473784
473786
473789
473791
473792
473793
473794
484063
473795
473796
473798
473799
473800
473801
473803
473804
473805
473806
473811
473812
473813
473814
473815
473816
473817
473818
473819
473820
473821
473823
473824
484096
473825
473826
473827
473828
473830
473832
484105
473833
473834
484110
473837
473840
473841
473842
473844
473845
473847
484122
473848
473849
473852
473853
473855
473856
473857
473858
473860
473861
473862
473863
473864
473866
473867
473870
473871
473872
473873
473874
473875
473877
473878
473883
473884
473885
484162
473886
473887
473888
473889
473890
473891
473892
473894
473895
473897
473898
473899
473902
484181
473903
473904
473905
473906
473908
473910
473911
473913
473914
473915
484196
473916
473917
473919
473920
473921
473922
473923
473924
473925
473927
473928
473929
473931
473932
484214
473933
473935
473937
473939
473940
473941
473942
473943
473946
484230
473947
473948
473949
473950
473951
473952
484237
473953
473954
473955
473956
473958
473959
473962
473964
473965
473966
473967
473968
473969
473970
473971
473972
473973
473974
473975
473976
484263
473978
473979
473980
473981
484268
473982
473983
473984
473985
473988
473989
473990
473993
473994
473996
473997
473998
473999
474000
474002
474004
474009
474010
474013
474015
474016
474018
474019
474020
474022
474023
474024
474026
484314
474027
484317
474029
474030
474032
474034
474035
474036
484326
474039
474040
474042
474043
474044
474045
474046
474047
474048
484339
474050
474051
474052
474053
474054
474055
474056
474057
474058
474059
474061
474062
474065
474066
474067
474068
474071
474072
474074
474075
484367
474076
474077
474078
484371
474079
474080
474082
474083
474084
474085
474086
474087
474088
474089
474090
474091
474092
474093
474094
474095
474097
474098
474099
474100
474103
474105
474107
474110
474112
474113
474114
474115
474116
474118
474120
474121
474122
474123
474125
474127
474128
474130
474131
474132
474133
474134
474135
474136
474139
474140
474141
474142
474143
474144
474145
474146
474147
474148
474150
474151
474153
474155
474156
474157
474158
474159
474160
474162
474164
474165
474167
474168
484465
474170
474172
474173
474174
474175
474176
474179
474180
474182
474183
474184
474185
474186
474188
474190
484488
474191
474192
474193
474194
474195
474196
474197
484496
474198
474200
474201
474204
474207
474208
474209
474210
474212
474214
474215
474216
474217
474219
474221
474222
474224
474225
474226
474227
474228
474230
474231
474232
484532
474233
474236
474238
474240
474241
484542
484543
474242
474243
474244
474245
474246
474247
474249
474250
474252
474254
474255
484562
474260
474261
474262
474264
474266
474267
474268
474270
484575
474272
474273
484579
474275
474276
474278
484585
474279
474280
474281
474282
474286
474287
474289
474290
474292
474293
474295
484603
474298
474299
474300
474301
474302
474303
474304
474305
474306
474307
474310
474311
474312
474313
474314
484625
474317
474320
474322
474323
474324
474325
474326
474327
474328
474329
474330
474331
474332
474333
474335
474336
474337
474338
474339
474340
474341
474342
474343
474345
474347
474348
484661
474350
474351
474353
474354
474356
474360
474361
474362
474363
474364
474365
474367
474368
474369
474370
474371
474372
474373
474374
474378
484692
474379
474380
484695
474382
474384
474385
474387
474388
474389
474391
474393
474394
474396
474399
484715
474400
474401
484718
474402
474404
474405
474408
474409
474411
474413
474414
474416
474418
474419
474420
474421
474422
474424
474427
474428
474431
474433
474434
474435
474436
474437
474438
474439
474443
474444
474446
474447
474449
474450
474454
474455
474457
474458
474460
474461
474462
474464
474465
474466
474468
474469
474471
474472
474473
474474
474475
474476
474477
484797
474479
474480
474482
474484
474485
474486
474487
484809
474489
474490
474491
474492
474493
474495
474496
474497
474498
474500
474501
474502
474503
474504
474505
474506
474507
474508
474509
474511
474514
474515
474520
474523
474524
474525
474526
474527
484850
474528
474529
474530
474532
474533
474535
474536
474537
474538
474539
484864
474541
484866
474542
474544
474545
474546
474547
474548
474550
474552
474553
484880
474554
474555
474556
474557
474558
474559
474560
474561
474562
474563
474564
474565
474566
474567
474568
474569
474570
474571
474572
474573
474576
474579
474580
474583
474586
474587
474588
474589
474590
474591
474592
474593
474594
474595
474596
474600
474601
474603
474604
474605
474606
474607
474612
474613
474614
474615
474616
484944
474617
474618
474619
474620
474621
474622
474624
484953
474625
474626
474627
474629
484959
474631
474632
474633
474634
474635
474636
474637
474638
474639
474640
474641
474642
474643
474644
474646
474647
484978
474648
474649
474650
474651
474653
474654
474655
474656
474657
474658
474660
474661
474663
474665
474666
474667
474668
474670
474671
474672
474673
474674
474676
474677
474683
474685
485018
474687
474688
474689
474690
474691
474692
474694
474695
474697
474699
474700
474701
474702
474703
474704
474705
474706
474708
474710
474711
474712
474713
474714
474716
474717
474718
474719
474721
474722
474724
474726
474728
474729
474730
485065
474731
474732
474733
474738
474740
474741
474742
474745
474746
474747
474749
474750
474751
474752
474753
474754
474755
474756
474757
474758
474760
474761
474762
474763
474764
474766
485102
474767
485104
474768
474769
474770
474771
485109
485110
474774
474775
474776
474779
474780
474781
485121
474782
474783
474784
474786
474787
474788
474790
474792
474793
474794
474795
474797
485140
474800
485143
474801
474802
474803
474804
474806
485150
474807
474809
474810
474811
474812
474813
474814
474815
474816
474817
474818
474819
474821
474822
485167
474823
474824
474826
474827
485173
474828
485177
474831
474833
474834
474835
474836
474837
474838
474839
474840
474842
474844
474845
474846
474848
485198
485200
474850
474851
474853
474854
474855
474856
485209
474858
474859
474860
474861
474862
474863
474864
474865
485219
474868
474869
474870
474871
485226
474872
474873
474874
474875
474876
485232
474878
474879
474880
474882
474885
474887
474888
474890
474892
474893
485251
474894
474896
474897
474902
474903
474904
474905
474906
474907
474908
474910
474911
474912
474913
474914
474915
474916
474917
474918
474922
474924
474925
474926
474927
474932
474934
474936
485297
474937
474939
474940
474941
474942
474943
474944
474945
474946
474947
474948
474951
474952
474953
474954
474955
474956
474958
474959
474960
474961
474962
474965
474966
485335
474971
474974
474975
485341
474977
474978
474979
474980
474981
474982
474983
474984
474985
474986
474987
485354
474989
474990
474991
474992
485361
474994
474995
474996
474997
485366
474998
474999
475000
475001
475002
475003
475004
475005
475007
475008
475009
475010
475011
475012
475013
475015
485387
475018
475020
475021
475022
475023
475024
475025
475027
475028
475030
475031
475032
475033
475035
475036
475037
475039
475040
475041
475043
475044
475045
475047
475048
475049
475050
475052
475053
475054
475056
475059
485431
475061
475062
485434
475063
475064
475065
475066
485440
475067
475068
475069
475070
475071
475072
475073
475074
475075
475078
475079
475080
475081
475082
475083
475084
475085
475087
475088
475089
475090
475092
485467
485468
475093
485470
475094
475095
485473
475096
475097
475099
485478
475101
475102
475103
475104
475105
475107
475108
475110
475111
485491
475112
475113
475114
475115
475116
475117
475118
475119
475122
475123
485504
475124
485506
475125
475126
475127
475128
475129
475130
475133
475134
475135
475137
475138
475139
475142
475144
475146
475147
475148
475149
475150
475151
475152
475153
475154
475155
475157
475158
475159
475160
475161
475163
485546
485547
475165
475166
475170
475171
475172
475173
475174
475176
475177
475178
475179
475180
475181
475184
475185
485571
475187
475188
475189
475190
475191
475193
475194
475196
475197
475198
475199
475202
475203
475204
475205
475206
485592
475207
475213
475215
475216
475217
475219
475220
475221
475222
475223
475224
475225
475226
475228
475229
475230
475231
475233
475234
475235
475236
475237
475238
475239
475240
475241
475242
475243
475244
475245
475246
475247
475248
475249
475250
475252
475253
475254
475255
475256
475257
475258
475260
475262
475263
475265
475266
475269
475271
475272
475273
485661
485663
475275
475277
475278
475279
475281
475282
475284
475285
475286
475288
475289
475290
475292
475293
475294
475296
475297
485687
475298
475299
475300
485691
475303
475305
475306
475307
475308
475309
475311
475312
475313
485706
485707
475314
475315
475316
475317
475318
485713
475320
475322
475323
475324
475325
475326
475327
475328
475330
475331
475332
475333
475334
475336
475338
475339
475340
475341
475343
475344
475345
475346
475347
475348
475350
475351
475352
475353
475354
475355
475356
485754
475358
485758
475363
475364
475365
475366
475367
475368
475369
475370
475371
475372
475374
475375
475376
475377
475378
475379
475380
475382
485783
475384
485785
475385
475386
475387
475388
475389
475390
475392
475395
475396
475397
475399
475402
475404
475405
475406
475407
475408
475409
475410
475411
475412
475413
485816
475414
475415
475416
475417
475419
475420
475421
475422
475423
475424
475425
475429
475430
475431
485836
475433
475435
475437
475438
475439
475440
475441
475442
475443
475445
475446
475447
475448
475450
475451
475452
485857
475453
475454
475455
475456
475457
475459
475460
475461
475463
485870
485871
475464
485873
475465
475466
475467
475468
475469
475470
475471
475473
475475
475477
475478
475479
475480
475481
475482
475483
475484
475485
475486
475487
475488
475489
485899
475490
475492
475493
475495
475498
475499
475501
475503
475504
475505
475506
475507
475509
475510
475511
475512
475515
475517
475518
475519
475520
475521
475522
475523
475525
475526
475527
485940
475529
475530
485944
475532
475534
475535
475536
475538
475540
475541
475542
475543
475544
475545
475547
475548
475551
475552
475554
475555
485969
475557
475558
485974
475560
475561
475562
475563
475564
475565
475567
475568
475569
475571
475572
475574
475575
475576
475577
475578
475579
475580
485997
475583
475584
475585
475586
475588
486007
475590
475592
475593
486012
475594
475597
475598
475600
475601
475603
475604
475605
475606
475607
475608
475609
475610
475611
475612
475613
475615
475616
475618
475619
475620
475622
475624
475625
475627
475629
475630
475631
475632
475633
475636
475637
475638
475642
475644
475647
475649
475650
486072
475652
475653
475654
475655
486079
475657
486081
475658
475659
475660
475661
475662
475663
475665
475666
475667
475668
475670
486095
475671
475674
475675
475678
475679
475680
475681
486107
475683
475684
475686
475687
486115
475688
475691
475692
475693
475695
475698
475699
475701
475703
475706
475707
475710
475711
486140
475713
475714
475715
475716
486149
475719
475720
486153
475722
475723
475726
475728
486162
475731
475732
475734
475736
475741
475743
486179
475745
475747
475748
475749
475750
475751
475753
475754
475755
475756
475757
475760
486203
475767
475768
475772
475773
475774
486216
475776
486219
475778
486224
475782
475783
475784
475786
475787
475788
475789
475791
475794
475798
475800
475803
475804
475805
475806
486256
486257
475810
475811
475813
475814
475815
475817
486268
475818
475825
475826
475833
475834
475835
475837
475840
475841
475842
475844
475845
486300
475847
475848
475849
475850
475851
475852
475853
475856
475857
486312
475858
475860
475862
475864
475865
475866
475867
475868
475869
475870
475871
475872
475873
486331
475875
475876
475877
475878
475879
475880
475881
475882
475883
475885
475886
475887
475889
475890
475891
475892
475893
475894
475897
475899
475902
475905
486364
486366
475908
486368
475910
475912
475913
475916
475917
475918
475919
475920
486381
475921
475923
475925
475927
475931
475933
475935
475936
475937
475938
486402
475939
475940
475942
475943
475945
475947
475949
475950
475951
475952
475953
475954
475955
475956
475958
475959
486426
475962
475963
475965
475966
475967
475968
475969
475970
475971
475973
475974
475975
486441
486444
475977
475978
475979
475980
475981
475984
475985
475986
475988
475989
486458
486459
475990
475991
475993
486464
475994
475996
475997
475998
475999
476003
476005
476006
476008
476009
476010
476012
476013
486487
476015
476016
476018
476019
476021
486496
476023
476024
476026
476027
476028
476029
476030
476031
476034
476035
476036
476037
476038
476040
476041
476042
476044
476045
486522
476048
476049
476050
486527
476051
476052
476053
476054
476055
486534
476059
476061
476062
476063
476064
476065
476066
476067
476068
476070
486549
486550
476071
476072
486553
476073
476074
476075
476076
476077
476078
486560
476080
476082
476085
476087
486572
486573
476090
486575
476091
486577
476092
476093
476094
476100
486589
476102
476104
476105
486594
486596
476107
476108
486599
476109
476112
476113
476114
476117
476118
486611
476120
476121
476122
476123
476125
486618
476126
476127
476128
476130
476131
476132
476133
476134
476135
476138
476139
476140
476141
476142
476143
476144
476145
476146
476147
476148
476149
486643
486644
476151
476152
476153
476154
476155
476156
476159
486656
476161
476162
476164
476168
476169
476170
476173
476176
486675
486678
476179
476180
476182
476183
476185
476187
476189
476190
476191
476193
486698
476195
476196
476198
476203
476204
476205
476207
476208
476209
476210
476212
476217
486730
476219
476221
476222
476223
476224
486739
476226
476230
476231
476232
476233
476236
476239
476241
476242
486757
476243
476244
476245
486761
476247
476248
476250
476252
476253
476254
476257
476258
476259
476260
476262
476263
476264
476265
476266
476267
476268
476269
476270
476272
476273
476274
486792
476275
476277
486796
476278
476280
476282
476283
476286
476287
476288
476289
476291
476292
486812
476293
476294
476295
476297
476298
476299
476300
476301
476303
476304
476305
476307
476308
476309
476310
476312
476314
476315
476317
476318
476319
476320
476321
476322
476323
476324
476326
476327
476328
476329
476330
476331
476335
476336
476337
476338
476339
486863
476340
476341
476343
476345
476346
476347
486874
476350
476351
476352
476353
476354
476355
476357
476358
476359
476360
476361
476362
476363
476364
476366
476368
476369
476370
476372
476374
476375
476377
486904
476379
476380
476381
476382
476383
476384
476385
476386
486915
476391
476393
476394
476395
476398
476399
476400
476402
476403
476405
476406
476407
476409
476410
476412
476414
486942
476416
476418
486947
476419
476420
476421
486951
476422
476423
476424
476426
476427
476429
476430
476433
486964
486965
476434
476435
476438
476439
476444
476445
476446
476447
476448
476450
476451
476452
476455
486989
486992
476461
476464
476466
476467
476468
476469
476470
476473
476474
476475
476478
476479
476480
476482
476483
476484
476486
476489
476490
476493
487029
476494
476495
476497
476499
476503
476504
476505
476508
476509
476510
476511
476512
476513
476517
476518
476520
476523
487062
476526
476527
476528
476529
476530
476533
476534
476539
476540
476541
476542
476543
487082
476544
476548
476549
476550
476551
476552
476553
476554
476555
476556
487096
476557
476558
476559
476560
476561
476562
476563
476564
476565
487107
476567
476568
476569
487111
476570
476572
476573
476574
487117
476575
476576
476577
476578
476579
476580
476582
476584
476586
476587
476591
476592
476594
476595
476597
476598
476599
476600
476601
476603
476604
476605
476611
476612
476614
487160
476616
476619
476621
476622
476623
476624
476625
487174
476626
476627
476628
476629
476630
476631
476632
487182
476633
476634
476635
476636
476637
476638
476639
476640
476644
476646
476647
476650
476651
476653
476654
476655
476656
476657
476658
476659
476660
487212
476661
476662
476663
476664
476665
476667
476668
487222
476670
476671
476673
476675
476676
476678
476679
476681
476683
476684
476685
476688
476689
476690
487246
476691
476692
476695
476696
476697
476699
476700
476702
476705
476706
476707
476708
476709
476710
476711
487268
476712
476714
476715
487273
476716
476717
476718
476719
476720
476721
476722
476724
476727
487289
476729
476730
476731
476732
476733
476734
476735
476736
476738
476739
476740
476741
476744
476746
476747
476748
476749
476750
476751
487313
476752
476754
476756
476759
476760
487323
476762
476763
476764
476765
476766
476767
476768
476769
476770
476771
476772
487336
476773
476775
476776
476777
476779
476780
476781
476782
476783
476785
476787
476790
476791
476793
476794
476796
487362
476797
476798
476800
476801
476802
476803
476804
487371
476805
476806
476807
476808
476809
476810
476811
476812
487380
487381
476813
476814
476815
476817
476819
476821
476822
476823
476824
476825
476826
476827
476828
476830
476831
476832
476833
476834
476835
476836
476837
476838
476839
487409
476841
476842
476845
476846
476849
476850
476851
476853
476854
476855
476856
476857
476859
476860
476861
476862
476865
476866
476868
476869
476871
476872
476874
476875
476876
476877
476879
476881
476882
487456
476884
487460
487462
476887
476889
487466
476890
476891
476893
476894
487474
476897
476898
476900
476901
476902
476903
476904
476905
476906
476907
476908
476911
476912
476913
476914
476915
476916
476917
476920
476921
476922
476923
487503
476924
476925
476926
476927
476928
476930
476931
476932
476933
476934
476936
476937
476938
476939
476940
476941
476942
476944
476945
476948
476949
476950
476951
476952
476953
476954
476955
476956
476957
476959
476960
476964
476965
476967
476968
476969
476970
476971
476972
476973
476974
476975
476976
476978
476981
476982
476983
476986
476987
476988
476989
476990
476991
476992
487573
476993
476994
476997
476998
476999
477000
477001
477002
477003
477004
477005
477006
477008
477010
477012
487594
477013
477014
477016
477017
477018
477019
477020
477022
477023
477024
477027
477028
487612
477030
477032
477033
477035
477036
477037
477038
487622
477039
477040
477042
487631
477045
477046
477047
477049
477050
477051
477052
477053
477054
477058
477059
477060
477061
477062
477063
477064
477065
477066
477067
477068
477074
477075
477076
477077
477080
477083
477084
477086
477087
477088
477090
477091
477094
477096
477097
477098
477099
477100
477103
487693
477104
477105
477106
477107
477108
477109
477111
477112
477113
477114
477115
477117
477118
477119
477120
477122
477124
477125
487718
477127
477129
477132
477134
477135
477139
477140
487733
477143
477145
477147
477148
477149
477152
477154
477155
477156
477157
477158
477160
477162
477163
487757
477165
477166
477167
477168
477169
477170
477171
477173
477174
487769
477175
477176
477177
477178
477180
487780
477184
487782
477186
487785
477189
477195
477197
477200
477203
487803
477204
477205
477206
477207
477208
477209
477210
477211
477212
477214
477215
477217
477218
477219
477221
477222
477223
477224
477225
477226
477231
477232
477233
477235
477236
477238
477239
477240
477241
477242
477243
477245
477246
477247
477248
477249
477250
477251
477252
477253
487854
477254
477258
477259
487861
477261
477262
487867
477265
477266
477267
477268
477270
477272
477274
477276
477277
477278
477279
477280
477283
477284
477285
477286
477288
487894
477289
477292
477293
477295
477298
477300
477301
477302
477304
477306
477307
477308
477309
477311
477314
477315
487925
477316
477317
477318
477319
477321
477322
477324
487935
477327
477328
477329
487941
477330
477333
487947
477337
487951
477340
477341
487957
477343
477344
477345
477347
477350
487967
477351
477352
487971
477355
477356
477357
477358
477359
477360
477361
477364
477365
477366
477367
477368
477369
477370
477375
477376
477377
477378
477379
477380
477382
477383
477385
477386
477388
477389
477390
477392
477393
477395
477396
477397
477398
477399
477400
477401
477402
477404
488025
477405
477408
477409
477410
477411
477414
477415
477416
477418
477419
477420
477424
477425
477426
477427
477428
477430
477431
477432
477433
477434
477435
477437
477439
477440
477441
477443
477445
488068
488069
477447
477449
488074
477450
477452
477453
477454
488083
488086
477456
477457
477459
477460
477461
488094
477463
477464
477465
477466
477467
488100
477468
477470
488104
477471
477472
488107
477475
477478
477480
477481
488117
477482
477483
477484
477486
477488
477490
477491
477492
477493
477494
477495
477496
477497
477498
477499
477501
477502
477503
477504
477505
477507
477508
477509
477510
477511
477512
477513
477514
477516
477517
477518
488157
477519
477520
488160
477521
488162
477523
477524
477526
477528
477529
477531
477532
477533
477534
477535
477536
477538
477539
477540
477542
477543
477544
477545
477546
477547
477548
477549
477552
477555
477557
477558
477559
477560
488206
477562
477563
477564
477565
477566
477567
477568
477569
477570
477573
488221
488224
488225
477577
477578
477579
477580
477581
477582
488232
477583
477584
477585
488238
488241
477589
477590
477592
477593
477594
477595
477596
477597
477598
477600
477603
477604
477605
477607
477608
488263
477610
488266
477611
477615
477617
488274
477618
477619
477620
488278
477621
477622
477623
477625
477626
477629
477630
477631
477632
477633
477634
477635
477637
477638
477639
477640
477644
477646
477647
477648
477649
477650
477651
477653
477654
477657
477658
477660
477661
477662
477663
488322
488325
477666
