weight
0.7516
1.0267
1.0844
0.6817
0.991
1.0591
1.1512
1.0174
0.8184
1.1653
0.9517
1.374
0.8438
1.2745
0.9742
0.9893
0.8473
1.103
0.9687
0.8401
1.0167
0.9067
0.3353
1.1927
1.056
0.9261
0.984
1.0533
0.7479
0.9261
1.0308
1.0088
0.4642
0.7835
0.991
1.3568
1.0822
1.0735
0.8795
0.5983
1.1106
1.0067
0.9927
1.3135
0.7378
0.9456
0.969
0.5441
0.8243
1.0279
0.9633
1.0966
0.7713
1.0142
1.3041
1.0976
1.2994
1.0841
1.0515
0.9546
1.2876
1.2153
1.2914
1.2471
1.0098
1.0457
1.4933
1.1668
1.0594
0.3085
1.3098
0.6002
0.9865
0.6823
0.9412
1.0557
0.5504
0.9323
1.0936
1.2687
0.6793
0.8728
0.8314
1.0482
1.0037
0.9997
1.4106
0.9261
0.9673
0.4026
0.4758
0.9742
0.8746
0.9186
0.9067
1.0943
1.3452
0.9746
0.5081
0.8516
0.9742
1.1984
1.1027
0.9628
0.5402
0.885
0.7835
0.8044
1.1913
0.7714
0.5081
1.5818
0.4161
0.7648
0.8741
1.3612
0.3729
0.9106
0.5872
1.5437
1.0308
1.4106
0.7223
0.8044
1.1235
0.4076
0.6926
1.0783
0.9456
1.5371
1.1653
1.0457
1.2056
0.7554
0.7945
1.1512
0.4233
0.8314
0.9511
1.1045
0.9746
1.3194
0.3296
1.2346
0.9436
0.8681
1.0591
0.5402
1.2784
0.8184
0.9712
0.6347
0.7378
1.3995
1.0019
1.4217
0.885
0.9485
1.2072
1.2736
0.4453
0.8699
0.8741
2.0005
1.1984
0.9264
0.8937
0.4969
0.8791
0.9186
0.8309
0.9264
1.2745
1.1928
1.2204
1.5266
0.876
1.2459
0.9656
1.0527
0.5035
0.7985
1.5137
0.3582
0.9261
0.6032
1.0591
1.6547
0.7321
0.6899
1.0076
0.8076
0.983
1.0617
0.9761
0.7321
1.4455
0.3729
1.0267
0.8257
1.5287
0.8951
0.9673
1.277
1.6382
0.6808
0.5402
1.6301
0.5771
1.3129
1.3284
1.4351
0.8489
0.8473
1.3995
0.8401
1.2966
1.103
0.9746
0.9067
1.3079
2.0817
0.4096
1.0267
0.9498
0.9673
1.0067
1.3356
1.3514
1.0844
0.9442
1.2414
0.6932
1.0953
0.6631
0.9554
0.9777
0.9844
0.6943
1.1998
0.7169
1.1843
0.6866
1.3041
0.7646
1.0528
1.1615
1.063
0.9554
1.5268
0.867
1.0557
1.0688
1.0092
1.1241
1.3471
1.1564
0.7607
1.0261
1.0567
1.1838
1.3006
0.9274
1.0341
1.264
1.3041
0.9261
0.296
1.1045
1.1379
0.6322
0.7361
0.541
0.6197
0.8683
1.2437
1.2225
0.5243
1.2687
1.0279
0.9855
0.9741
0.8699
0.4719
0.7583
1.1512
1.0064
0.962
0.9712
0.9726
0.7754
0.4656
0.9746
1.178
0.4371
1.0357
0.853
1.427
1.0767
1.2702
0.7029
0.5309
0.9673
1.3016
0.9456
0.8961
0.6083
0.7206
0.4689
0.7364
0.4161
1.0844
1.3207
0.9927
1.4368
0.7646
1.0583
1.0943
1.0844
1.1157
1.6302
0.9981
0.9132
0.8657
1.4532
2.496
0.9145
0.5082
1.4351
1.6988
0.9274
1.2519
0.556
0.6249
0.6322
0.7841
1.0267
0.9186
1.0767
0.7841
0.8208
0.8913
0.8951
0.9517
1.1106
0.7158
0.3728
0.9081
0.9264
0.7158
0.7835
1.0143
1.3354
1.2364
0.9012
0.8321
0.5005
0.9261
0.5081
0.9676
1.0147
0.8404
1.5551
0.9211
1.159
1.8396
1.1292
0.4264
0.9742
1.0092
0.9746
0.9488
0.4689
0.4753
0.7605
1.0767
0.9055
0.9712
0.7712
0.9208
0.7648
0.6625
1.1512
0.9511
1.143
1.0943
1.3135
1.4351
0.834
1.1235
0.9656
0.8243
1.063
0.8198
0.4719
1.2966
1.6273
1.2687
1.056
0.6682
1.3447
0.9116
0.9676
0.2789
0.834
0.9673
1.2828
0.8243
1.4351
1.0943
1.0591
1.0675
0.3085
0.5516
1.0588
1.8757
0.7825
1.4453
1.2375
0.885
1.0143
1.8086
1.2717
0.9132
0.6926
0.3296
0.3769
1.1027
1.1668
0.4357
0.8473
0.885
1.1668
0.7583
0.8683
0.9945
0.7985
0.6465
1.0977
1.0688
1.0267
1.4068
0.9186
0.4279
0.7889
0.5005
0.7018
0.4283
0.9186
1.3469
1.0308
1.1496
0.9347
1.1907
1.6501
0.9172
0.5736
0.9508
0.885
0.8243
0.9676
0.9261
0.9741
0.9081
0.853
1.5685
0.6504
0.7199
0.7004
0.3922
0.8928
1.1838
1.0554
1.1699
0.9919
0.9264
0.7516
0.9116
0.8184
0.9055
0.8401
0.3353
1.1005
1.0835
0.7881
1.0868
1.0547
1.0881
0.2974
0.984
0.2424
0.5061
0.701
0.9261
0.8314
0.7349
0.5726
1.3356
1.0147
0.8762
0.9741
0.8844
1.4305
0.9211
1.1699
1.0217
0.8261
0.9182
1.1454
0.3921
1.0767
1.468
0.3085
0.8125
1.6799
0.7542
0.853
1.0445
1.0199
0.8535
0.8044
0.5685
1.3041
0.6524
1.2939
0.8746
0.8951
0.9676
0.5504
0.9051
1.3452
0.8192
1.0767
0.3058
1.4945
0.7713
0.9746
0.7646
0.7258
0.4689
0.8699
0.6019
0.8076
0.2902
1.6873
0.6465
0.7988
1.1085
0.3215
0.8678
1.2687
1.1049
1.0767
0.962
0.9974
0.8044
0.7946
0.7553
0.7835
1.1276
0.8349
0.9673
0.7713
1.2153
0.9029
1.0374
1.393
0.7211
0.5443
0.4096
1.0267
0.8267
1.2818
0.9554
0.4264
0.7208
0.8377
1.0468
1.063
0.6707
1.1512
0.9919
0.9436
0.8377
0.867
0.8465
0.9676
0.8473
1.0064
1.0313
0.8269
0.9186
1.5705
1.085
0.8285
0.3894
1.0336
1.1106
0.7835
0.7988
0.9211
0.9186
1.1295
0.7988
0.8465
1.5036
0.9673
0.8865
1.0557
1.1454
0.9132
1.073
0.8576
0.991
0.9755
1.2011
1.7196
1.1782
1.1378
0.8243
0.7458
0.8234
1.2453
0.3936
0.9264
0.6899
0.9186
0.8184
0.4719
1.2414
1.1454
0.891
0.8683
1.2779
0.8961
0.7546
0.3728
1.4429
0.5402
0.688
1.0591
0.9182
0.9261
1.3985
1.2372
0.8198
0.6474
0.5983
1.2698
0.6294
1.0552
0.8289
1.0067
0.4096
0.8526
0.7996
1.2453
0.7904
1.2698
0.3965
0.7516
0.8683
0.6457
0.3575
0.969
0.9556
0.4572
0.9298
0.9298
1.2875
0.7889
0.6042
0.7659
1.3612
0.9855
1.2372
1.5656
0.9252
1.1512
0.3993
1.3703
0.7646
1.1766
0.2715
0.9051
0.9442
0.9676
1.2364
0.7223
0.6631
0.8961
0.9974
0.4915
0.7701
0.686
1.0267
1.0839
1.085
0.9164
1.0067
1.0695
1.2828
0.7516
0.7529
0.8535
0.8657
0.8243
0.853
0.9673
0.7258
1.3356
0.9116
1.1441
1.0537
0.8184
0.541
0.556
0.7868
0.8683
1.1843
0.73
1.0067
0.5361
1.1444
1.0822
0.9002
0.9261
0.5872
1.1931
1.4351
0.9378
1.1183
0.8678
0.9261
1.0336
1.705
0.7223
1.2153
0.7553
0.8047
1.3135
0.4453
0.7029
1.7051
0.3582
0.8718
0.8044
2.0244
0.4264
1.2695
1.2694
0.5189
1.0092
0.9799
0.7281
0.9742
1.3703
1.2364
1.0844
0.9264
0.4201
0.7492
0.8823
0.6866
0.5005
1.0591
0.3894
0.8813
0.9261
1.1496
0.9806
0.8184
1.0021
0.527
1.0313
0.9081
0.9995
0.4097
1.0137
1.0808
0.8912
1.0308
0.3936
0.6171
0.6249
1.0591
1.143
0.5726
1.0762
1.4623
0.8184
0.9676
0.3897
0.885
1.107
1.1157
0.416
0.8184
0.9122
1.1699
1.0012
0.9208
0.7677
1.8171
1.0943
0.8018
0.9491
0.8746
0.9687
1.2323
1.2338
0.7614
1.1352
0.7553
0.8238
0.7648
1.4368
1.0012
0.9872
0.9511
0.3728
0.7887
0.3353
1.0966
1.3568
0.7847
0.8699
0.9782
1.103
0.9895
0.9081
0.3582
0.3351
0.8746
0.9631
0.3894
1.6435
0.9673
0.7458
0.4949
1.0767
1.0583
0.9673
1.5905
1.0267
0.6465
0.9186
0.8309
1.0092
0.9261
1.0308
1.1354
0.6485
0.852
1.0357
0.4096
0.9264
0.7402
0.6268
0.9116
0.3894
0.3868
0.9261
0.8044
0.7825
0.4096
0.9556
1.7289
0.6142
1.38
1.3041
1.0552
1.1106
0.9511
1.0591
0.8723
1.0267
1.6301
1.3041
1.3828
0.4851
1.0211
0.9676
0.9119
0.3032
0.8309
0.8184
0.962
1.1715
1.0515
0.8184
0.7988
0.883
1.0691
0.9676
1.2679
1.0137
0.9636
0.4242
0.7786
1.0675
0.7321
0.6637
0.997
0.5872
0.9208
1.413
0.8261
0.7516
0.8912
0.4968
0.8274
0.5602
0.9746
1.0313
0.8184
1.085
1.145
1.4415
0.7206
0.8728
0.872
0.5872
0.9916
0.983
0.7392
1.1454
0.7516
1.2486
1.3627
1.4429
2.3985
0.7206
0.7223
0.8261
0.7309
1.3612
0.7985
1.0515
0.8243
0.3802
0.8535
1.1025
0.7985
1.1953
0.847
1.2432
0.7321
1.2072
0.3211
1.3378
0.9712
0.7327
1.2364
0.9673
0.5232
0.9676
1.3612
0.8532
0.6926
1.0956
0.5772
0.4518
1.2818
0.9211
0.6991
1.0341
0.6142
1.284
0.885
0.6354
0.997
0.9172
0.9172
0.9981
1.1764
0.8816
0.9631
0.9264
0.501
1.0079
0.594
1.2726
0.9746
1.4203
0.9676
1.2286
0.8473
1.1037
1.2687
1.0341
1.1464
1.0249
0.4264
0.8718
1.056
0.9865
0.8243
0.4279
1.3796
0.7921
1.0588
0.7614
0.9029
0.8438
0.6834
1.0067
1.497
0.7208
1.0841
1.2282
1.3365
0.9145
1.0064
0.9511
1.1192
0.8913
1.2486
0.9927
0.7321
0.6979
0.8401
1.0659
1.0341
1.2745
1.2736
1.2072
0.7985
0.9844
1.2231
1.1453
1.2687
0.4279
0.8678
0.9511
0.9412
0.8951
0.9636
0.686
1.8536
1.1953
1.4503
1.3188
1.0382
0.7364
1.1235
1.6089
0.8679
0.517
1.0279
0.3894
0.7417
1.0445
1.1763
1.2045
1.0279
0.9125
0.9334
1.1693
0.962
0.9252
0.7713
1.0515
0.9323
0.7835
1.0691
1.6435
0.5005
0.8281
0.517
1.7165
0.3936
0.9676
1.1109
1.0341
0.9252
0.7946
1.2966
0.3378
0.6524
0.6333
0.9075
1.288
1.2566
1.6614
0.6823
0.7558
1.2818
0.5041
1.4453
0.5685
0.9741
1.5279
1.1237
1.2994
0.9676
1.3828
0.8749
0.8044
1.0105
1.1045
0.8321
1.1653
0.991
0.5668
0.6916
1.0697
0.7222
1.3532
1.0147
1.0839
0.3936
1.0217
0.991
0.8401
0.9186
0.8226
1.4518
0.4282
1.9664
0.8152
1.374
1.0844
1.928
0.7825
0.8918
1.7818
0.8018
1.1235
1.0336
0.8951
1.0505
0.8688
0.517
1.7165
0.8498
0.9746
1.0841
0.4792
0.9252
1.1109
1.0591
0.8198
1.1171
0.9676
0.9608
0.8473
1.0958
0.9186
1.2533
0.7152
1.0445
0.3487
0.8404
0.983
1.39
0.9628
1.0505
0.8755
1.103
0.4655
1.5179
0.7138
1.0772
1.4455
1.4934
1.0547
0.5504
1.1849
1.4518
1.6568
1.2966
1.0308
0.3922
0.562
1.9154
1.0755
1.2138
0.5589
0.9742
1.3042
1.2779
0.9673
1.1676
1.0583
0.7327
1.4518
0.826
1.0336
0.7614
0.9436
0.8127
0.885
0.8976
0.8309
1.1171
0.7701
1.0659
0.9136
1.2147
0.9172
1.3283
1.0267
0.9746
0.7792
0.3296
1.3488
0.7258
0.5983
0.7982
2.267
1.1763
0.4092
0.9116
0.9186
0.7584
0.9067
0.9608
1.0389
0.962
0.7718
0.9511
1.0067
1.288
0.7646
0.7516
0.8744
1.0767
1.0074
0.7321
1.0435
1.1106
0.8951
0.9261
0.9893
0.7321
0.9742
0.8269
1.0943
1.1547
0.6817
1.7348
1.073
1.056
1.0754
0.942
0.5699
1.4455
1.1235
0.7985
0.9687
0.8404
1.047
0.5026
1.2057
0.9067
0.7677
0.8257
0.9597
0.8657
1.1953
1.0614
0.4099
1.0352
0.8618
1.0659
1.5225
0.3664
0.9712
0.9676
1.8816
0.9556
1.4351
1.1454
0.9078
1.7176
0.9046
0.8377
0.9726
0.8683
1.0515
1.103
2.0555
1.3612
0.9943
1.2651
1.0445
1.2486
1.143
1.0808
0.7321
1.0182
0.7479
1.1303
2.1671
0.9532
1.1668
1.384
0.8431
0.853
0.9208
1.2008
0.8741
1.2836
1.144
1.4421
0.9958
1.3041
0.6899
0.4872
1.2138
0.8076
0.5558
0.6727
1.1696
0.3943
1.1822
1.2702
1.07
0.8535
1.544
0.7035
0.9076
1.5704
1.4623
0.3728
0.8332
1.0082
0.7349
0.9608
1.1653
0.8912
1.0037
0.8102
1.1588
1.1241
1.0515
0.8718
1.0213
1.3618
1.0357
0.8465
0.8208
0.4185
1.1653
1.5009
0.5839
1.1045
1.073
1.0193
1.0943
1.5561
0.9485
1.5705
1.085
1.2105
0.8628
0.5754
0.9106
1.4616
1.2603
1.1292
1.064
1.3629
0.5005
0.6586
1.2072
0.8678
0.9569
1.7384
0.8926
0.9175
1.329
0.74
0.5309
1.2687
1.0092
0.6586
1.4712
0.8691
1.0783
1.0267
1.1089
0.7835
0.9511
1.4106
1.0091
1.2671
0.6457
1.4655
1.2782
0.2954
0.6485
1.2774
0.9778
0.501
1.2066
0.7754
1.0515
1.2375
0.4915
1.3041
0.5712
0.8535
0.9081
0.9106
0.8404
1.0688
0.9608
1.779
0.5617
1.0233
1.4274
0.9264
1.4351
1.4072
0.3754
0.9211
0.9051
0.2878
1.0482
0.5977
1.1444
1.0515
0.8746
1.4274
0.7546
1.1512
1.0515
0.2953
0.4233
0.9261
1.1247
0.9647
1.2307
0.997
1.3447
0.8404
1.0012
0.9637
1.3368
0.4896
1.0745
1.0233
0.834
1.1476
1.1849
1.2779
1.2398
1.0067
0.892
0.9835
1.858
0.9051
1.2129
1.0087
0.991
1.1998
0.9208
2.0454
1.1015
0.5539
1.3883
1.3598
0.7464
0.4705
0.6321
1.1812
1.2225
0.9742
0.6786
0.7413
0.9261
1.0274
0.8681
0.3085
0.9656
1.2671
0.9298
0.7083
0.8359
1.2745
1.6301
1.2964
0.8746
1.3193
1.0781
0.7988
0.7835
1.2216
1.0779
0.9895
0.5232
2.015
0.4056
0.9659
0.9569
1.5454
0.9855
0.8261
0.5026
0.853
0.5687
1.0525
0.3032
1.1737
0.8864
1.4721
1.2726
0.3603
1.5296
0.8184
1.2818
1.2284
0.955
0.5189
1.0274
1.2828
1.3258
1.2138
1.1653
1.8591
1.3342
1.2428
0.6899
1.2057
1.2294
0.8912
0.7677
0.9252
1.0687
0.9511
0.9252
0.962
0.4099
0.9158
1.8305
1.103
2.1065
0.3936
1.0515
1.0137
1.0067
0.2858
0.5872
1.1037
1.1222
0.8261
1.0341
0.9797
1.0064
0.8618
0.9656
0.8427
0.8961
1.3882
0.9764
0.5351
0.9687
0.9712
2.0555
1.2437
1.0296
0.7835
1.8405
0.6402
0.5771
1.2687
1.2687
1.0767
1.0767
0.6634
0.6634
1.0554
0.927
1.3521
1.2698
0.8885
1.0801
0.4995
0.9006
0.3597
0.7713
0.4057
0.6671
0.9844
1.0143
1.2745
1.103
1.2375
1.1986
0.3897
0.9186
0.7492
0.928
1.0825
0.9116
1.0336
1.2486
0.8561
1.1235
0.867
0.9281
1.1198
1.0427
1.0811
0.9175
1.1166
1.7489
0.9252
1.4124
1.0943
0.8699
1.2871
1.427
2.2921
0.9456
0.8305
0.9508
1.0012
1.0267
1.1809
2.0168
0.4453
0.5172
1.4124
0.9035
1.8179
1.2225
1.1764
1.0691
0.9223
0.9995
0.431
0.8462
0.5504
1.211
1.278
0.9746
1.3523
1.5454
1.718
1.2147
0.8309
0.9612
1.3212
0.4201
0.3085
0.7985
0.7012
1.0863
1.1685
0.8281
1.0279
1.3514
1.0493
1.1168
1.1899
0.8636
1.2779
0.5983
0.8961
0.8438
1.001
1.1303
0.9673
0.8951
1.1241
1.1512
0.7028
0.5564
1.2818
1.3447
0.8816
1.3568
1.0767
1.022
1.74
1.4455
1.2779
1.2875
0.7981
0.9046
0.705
1.2471
1.6285
0.8226
1.2453
1.4106
1.7
1.2147
1.5205
2.2027
1.0213
0.8002
1.9795
0.7223
1.0357
1.4351
0.8429
2.4141
1.1931
0.7206
1.0591
1.1444
1.1737
0.6249
0.9962
1.3447
1.2219
0.5944
0.5504
1.085
1.1689
1.1621
1.3995
1.374
1.437
1.3372
0.9081
1.1873
0.9673
0.8526
0.5872
0.8314
1.1694
1.2818
0.8429
1.2248000000000001
1.3135
1.0936
1.1986
0.9485
1.2671
1.0976
0.8047
0.7835
1.073
1.1382
1.2402
2.1776
0.6083
1.6799
0.7208
0.8055
0.8699
1.2687
1.568
1.056
0.8816
0.8421
0.8789
0.8033
0.8046
1.2994
1.2414
0.6182
0.7648
0.8377
0.8314
0.9281
0.9208
0.8747
0.3542
0.8303
1.0065
0.7364
0.4969
1.4753
0.8884
0.9676
0.7614
1.3514
0.6866
1.1444
0.9676
1.0591
1.3612
0.991
1.0762
0.928
1.1956
0.6682
0.7865
1.0286
0.9448
1.3378
0.9412
1.0779
0.5402
0.5672
0.9608
1.1809
0.7565
0.7004
0.8184
1.2966
0.9921
1.0274
0.7786
0.8718
0.9431
1.1512
0.325
0.9207
1.4185
1.0976
0.3776
1.1458
1.0583
1.3514
0.7889
1.0137
0.6002
1.4568
0.9895
0.8718
1.0527
0.8905
0.9182
1.5705
1.2375
0.7384
1.4351
0.9143
0.9782
0.7847
1.1382
0.5639
0.8184
0.8718
0.9488
1.1715
0.5771
0.7568
1.0583
0.9322
1.1357
0.9835
1.2914
0.4719
1.0533
1.2696
1.2779
1.2159
0.8401
1.4106
1.1496
0.3979
0.987
0.7211
1.2687
1.0691
0.7091
1.4632
1.0767
0.7138
0.9182
1.2282
0.9511
0.6817
1.2147
1.0591
1.073
0.9676
0.8465
0.3353
0.9609
1.0476
0.7184
1.3135
0.9145
1.0772
1.277
0.928
0.9742
1.0533
1.4274
0.9485
0.3166
0.6177
0.3965
1.7509
0.7889
0.8678
1.0267
0.5844
0.9712
0.5622
1.0193
0.8728
0.7646
0.7933
1.1696
0.7529
1.0844
1.5036
0.8289
1.0695
0.9006
0.2836
0.9445
0.8044
1.4453
0.9855
1.4512
1.0067
0.9488
0.7083
0.9252
1.1216
1.0067
0.6502
1.3041
1.0844
1.1198
0.4447
0.7793
0.701
0.7184
1.169
0.9412
0.828
1.284
0.9264
0.7655
1.0505
0.6527
1.011
1.0583
1.3467
0.5771
1.073
0.6159
1.1953
0.5083
1.0267
1.0547
0.5189
1.1891
1.0537
0.4719
0.8314
1.3378
0.8744
0.4136
1.445
1.2621
1.1166
0.9067
1.1653
0.4655
0.6268
1.0348
1.2785
1.4106
0.6959
0.7659
0.7779
0.9186
1.0844
1.6435
1.0689
1.0951
0.7504
0.8516
0.4719
1.4455
2.3492
0.9941
0.9777
0.9676
0.755
0.9981
0.3117
0.9569
0.8198
0.6497
1.3805
0.6059
0.9687
0.6682
0.6115
0.4209
1.2375
1.0817
1.2453
0.4678
0.8238
0.7988
1.3059
0.8912
0.507
1.9377
0.6106
1.8674
0.8421
0.6793
1.056
0.9994
1.3128
1.0956
0.847
2.2185
0.8314
1.5131
0.5378
1.0515
0.5504
0.821
0.5983
0.9172
0.9208
0.5468
1.0844
1.2437
1.1422
0.9636
0.9751
1.0841
0.9436
0.8281
0.8018
0.3765
0.6972
1.2219
0.4026
0.8046
1.2779
1.2219
0.9223
0.8675
0.9323
1.4061
0.6585
1.0265
0.8269
1.0695
0.8238
0.7835
1.427
0.3085
1.391
0.9264
0.9287
0.9264
0.8683
1.0767
0.3296
1.374
0.8268
1.4351
1.0092
1.126
0.8678
1.0092
0.8091
0.5069
0.8184
0.9405
1.3698
0.9714
1.1749
0.3936
1.0772
0.8652
0.983
1.1379
0.6682
0.7238
0.9511
1.0554
0.4792
0.9676
0.7568
1.4453
1.1986
0.5279
0.7529
0.8699
0.7173
0.9147
1.2056
0.6998
0.3641
0.8951
0.5982
1.5804
0.9182
0.5807
0.9245
1.3368
0.2764
1.5486
0.7529
1.0388
2.6551
0.8535
0.9106
0.3824
1.3906
0.3166
1.1843
0.8018
1.4628
0.8473
1.0064
1.1166
0.7546
0.883
0.9211
0.9676
0.7677
1.1458
1.244
1.8405
0.5069
0.8683
0.3922
0.8681
0.802
1.0894
1.2011
0.5872
1.0844
0.7552
0.9186
1.1766
1.0137
1.1109
0.8123
0.9511
1.0457
0.3257
1.2671
0.7835
0.962
1.1737
1.0067
0.8744
0.9517
0.9264
0.3993
1.1049
1.0533
0.8791
0.762
1.3378
1.5371
1.4189
0.8309
0.574
0.9436
1.2138
1.0216
0.3083
0.8834
2.2027
1.0092
0.9224
1.0533
1.0279
1.0267
0.8535
0.9219
1.0547
0.7422
0.7583
1.4068
0.6688
0.7312
0.3965
1.3484
0.9636
1.1916
1.2414
0.7595
0.9488
0.7927
1.1469
0.8913
1.0872
0.671
1.8405
0.8055
1.0067
1.0868
0.9974
0.8616
1.2787
0.9186
0.456
1.0249
1.2437
1.1974
1.4617
0.7492
0.781
0.565
0.9445
1.1685
1.7088
1.4129
0.9746
1.0161
1.2147
0.7529
0.6759
0.9172
1.1668
0.9518
0.8321
1.0161
0.4834
0.3883
0.9598
1.0274
0.8535
0.5537
1.2828
1.1974
0.962
0.6979
1.1512
1.1737
0.7655
0.2387
0.7835
0.9511
1.0557
0.4572
1.0064
0.8473
1.0012
0.482
0.7713
1.8405
0.9754
1.0088
0.8961
1.4617
1.0772
0.9941
1.0808
0.7492
0.517
0.983
0.9636
0.8828
0.8119
1.0767
1.7608
0.8243
0.6083
0.9636
1.427
1.2687
1.3469
0.9145
0.507
1.3532
0.8216
0.9656
0.9726
0.6859
0.9377
1.4192
1.1235
0.8885
0.7083
1.2922
0.9448
1.0308
0.6872
1.0313
1.2732
0.8044
1.2453
0.9422
0.9558
0.5853
0.3965
0.7852
0.6846
1.0904
1.0688
0.9865
0.5816
0.8465
0.6707
0.9951
1.1452
0.6146
0.7946
1.6382
1.0161
0.5251
0.6596
1.0583
0.8913
1.6008
2.4987
0.73
0.9673
0.9676
1.2471
0.8802
1.8179
1.1989
1.0723
2.4069
1.507
0.482
0.7133
1.211
1.1653
1.6887
0.6774
0.7988
0.8961
1.4305
0.54990000000000006
0.4233
0.8184
0.8905
0.6148
0.9075
0.2867
0.4572
0.4992
1.0199
1.1618
1.3848
0.3965
0.6197
0.7281
1.5818
1.4227
0.6457
1.2225
1.1764
0.8791
0.7903
0.7583
1.0274
1.2375
0.885
0.6945
0.9046
1.5279
1.3135
1.0754
0.9488
1.6154
0.7173
0.5622
0.6273
0.8518
0.9261
0.8085
1.2876
0.9511
0.9673
0.8186
1.0893
0.9067
1.0817
1.4418
1.5322
0.9508
0.8637
1.2297
0.2974
0.5949
2.0005
0.9673
0.8951
1.201
0.603
1.0505
1.1352
0.9116
0.8125
1.0809
0.7921
1.2933
0.7303
0.9687
0.7529
0.7881
1.3848
0.5983
0.991
1.0067
1.1865
0.6872
0.3675
1.2707
1.1368
0.8044
0.8826
0.853
0.8816
1.0374
1.2057
1.6547
1.3514
0.9517
0.9508
1.2762
0.9278
0.834
0.9261
0.7321
1.2963
1.1382
1.1189
0.9051
0.3569
1.1694
0.9865
0.9636
1.2437
0.9281
1.0583
0.9943
1.1106
1.2871
0.9636
0.8535
0.4085
1.0211
0.9741
1.393
0.4567
1.0525
1.2702
0.716
0.7504
0.9508
0.705
1.1192
1.2945
0.9636
0.7188
1.0445
0.847
1.6274
0.8473
1.4068
0.9919
0.3521
0.6457
1.2966
0.4412
1.0341
1.2486
0.2906
0.7583
1.5818
0.4719
0.5005
0.9373
0.716
1.4115
0.9
0.9117
0.4282
1.1891
0.5478
0.8913
1.2364
1.9382
1.0076
0.7553
0.9485
1.2486
1.4368
1.178
1.2696
1.1668
0.8746
1.1888
0.2953
0.9936
0.4026
0.8438
1.7283
1.073
0.8728
1.0515
0.3738
1.1111
1.5561
0.8044
1.0767
1.978
0.8427
1.6903
1.8005
1.3128
1.0453
1.7165
1.4712
0.399
1.2772
0.483
0.8269
1.0554
1.1564
1.0515
0.4483
1.5494
0.6243
1.6443
0.6781
0.9508
0.9132
0.5504
1.2471
0.9498
0.9825
1.0841
0.781
0.7988
1.0217
0.9182
0.7402
1.0161
0.3965
1.1045
1.0833
0.4096
1.0891
1.3703
1.1453
0.6002
0.6527
0.9945
2.4894
0.7529
1.0267
1.1931
1.145
0.6998
0.8681
0.9608
1.7141
1.3899
0.9981
1.2459
0.9182
0.6646
0.5558
1.1276
0.8404
1.0161
0.3965
0.7504
1.0357
0.9508
1.0772
1.2138
0.5771
0.3894
1.0862
1.1907
0.9742
0.7258
1.4106
1.7629
0.5851
0.991
2.3219
1.1322
0.7634
0.6729
1.3267
0.9908
1.0822
1.4351
1.3135
1.2414
0.7713
0.7655
1.0499
1.178
1.1177
0.9673
0.3129
0.8314
1.4753
0.7369
1.0547
1.1497
1.5909
0.7201
1.67
0.5645
1.3612
0.8419
0.9051
0.396
0.3085
0.6134
1.5417
1.2603
1.0767
1.0137
1.7289
0.8404
1.244
0.3924
1.2717
0.9629
0.834
1.5824
0.8699
0.9261
0.7714
0.9976
1.3356
1.0092
1.0076
1.5734
0.3917
0.8243
1.2239
0.9825
0.7258
1.1641
0.9252
1.0267
1.2323
1.587
1.0267
1.0278
1.2621
0.9116
1.1241
0.4719
1.0088
0.862
0.9452
1.2519
0.2827
1.4256
0.802
0.5343
0.9746
1.374
0.5005
0.515
0.8091
1.1491
1.1985
0.5081
0.7083
0.4341
0.9733
1.0767
0.7961
0.4099
0.962
0.5711
0.8044
1.1441
1.1596
1.0021
1.0527
0.7411
0.7927
1.0868
1.0357
0.6959
0.9081
1.1732
0.4656
1.1621
0.4412
0.4834
0.6577
0.7101
1.2282
0.7982
1.5036
1.0754
1.2717
0.9029
1.2138
1.1292
0.3582
0.8699
0.54
0.5402
1.7305
0.7917
1.115
0.7713
0.8018
0.9116
0.727
0.8314
1.0217
0.7093
1.5036
1.1444
0.9676
1.2745
0.4264
1.4351
0.9608
1.1998
0.6968
0.5402
0.4927
1.4138
0.9051
0.7988
1.2818
1.2147
1.4274
0.4068
1.0014
0.8795
0.7646
0.5371
0.9742
1.0723
1.4455
0.7701
0.7439
0.9252
1.0609
1.48
1.7201
0.7887
0.9995
1.2225
1.0749
1.2294
1.7165
0.7349
1.4447
1.3447
1.1668
0.3323
1.3403
0.9742
1.2471
1.3763
0.6496
1.1668
0.6823
0.8192
1.541
0.7852
0.9673
0.9055
0.5726
1.0468
1.6547
1.0308
1.0749
1.1158
0.8489
0.4685
0.9839
1.2225
1.7797
1.2907
1.5029
1.2687
1.1354
0.991
0.3936
0.5877
0.9219
1.0718
1.1371
1.1873
1.2138
2.1075
1.0894
1.0779
1.0457
1.2871
0.943
1.0463
0.8576
0.5081
0.9746
0.9556
0.7985
1.831
1.2031
0.6182
0.8694
1.0357
0.9116
1.2219
1.1809
1.0092
0.942
0.6899
0.8473
1.1653
0.9781
0.8473
0.5172
1.2687
0.8728
1.1322
0.4689
0.98
1.2702
1.1198
0.8728
0.6625
0.8465
0.9485
0.8261
1.7818
0.6866
0.9855
0.9567
1.4677
1.1109
0.629
0.5446
0.531
0.9974
1.3356
0.9746
0.4884
1.1433
1.1198
1.2381
1.073
0.8321
0.9746
0.9554
1.2966
0.4257
0.9916
1.8568
0.5685
1.1986
0.3569
0.7364
1.1352
0.7349
1.4072
0.9568
0.5034
1.1813
0.2826
0.8477
2.0696
1.0835
0.7206
0.6304
1.0064
0.517
0.9211
1.4548
0.8637
0.9488
1.5817
0.8063
1.167
1.1888
0.726
1.0221
1.3985
0.726
1.1235
0.9598
0.9182
0.885
0.2831
1.1241
0.8303
0.9155
1.039
1.159
1.2687
0.9673
0.5672
0.9656
0.9726
0.8243
0.6533
0.8404
0.9673
1.1027
1.0278
0.9517
1.9899
1.0341
0.7029
0.9122
1.0092
0.9055
1.1953
1.0591
1.0507
0.3883
0.7208
0.7825
1.1906
2.2006
0.5371
0.3728
0.5421
2.6551
0.9448
1.3041
1.3059
0.8863
1.3028
1.4698
1.5528
1.2211
1.2687
0.5807
2.1065
1.2364
1.2138
0.9741
1.0808
1.2364
0.9633
0.7492
1.2147
0.4279
1.1737
0.9778
1.3006
1.4106
0.9386
1.4518
0.869
0.531
1.0772
1.3883
0.5935
0.883
0.9051
0.8243
0.5189
1.0064
0.8269
0.4201
1.3971
1.3963
0.885
1.2985
0.6428
1.1496
0.9264
2.4717
0.9322
1.1907
0.7479
0.7004
0.847
1.0591
1.1685
1.0505
0.9081
0.7985
0.9511
0.8746
0.8755
0.6791
0.883
0.4884
0.9186
1.391
1.0202
1.1198
0.962
0.3869
1.2138
0.336
1.0966
1.3264
0.8018
1.1189
0.991
0.834
1.126
0.9715
0.9125
0.7648
1.0808
1.2687
1.178
1.0765
1.3378
1.0591
0.8098
0.6866
0.9182
1.2518
0.9145
1.2687
0.7988
0.8912
0.8816
0.8243
0.8864
0.8538
1.212
1.3041
1.1476
1.4989
0.9511
1.0274
1.1748
0.5013
0.6356
0.2838
0.8657
0.9186
0.8864
1.0515
0.9943
1.0493
1.3768
0.9448
1.1931
1.2486
1.7674
0.9442
0.8728
1.1276
0.7835
1.329
1.107
1.0468
0.8657
1.1953
0.8683
0.8976
0.6586
0.8678
0.7206
0.6142
1.7384
1.39
0.7321
1.349
0.4968
1.0386
1.1352
1.103
0.635
1.2779
0.5872
1.3177
0.5402
0.7158
1.5739
0.9067
1.1853
1.0088
1.4532
0.9264
0.4655
1.0012
0.9895
1.1966
1.188
1.3447
0.885
0.7083
1.0881
0.9078
1.0762
1.2787
1.1888
0.4651
0.7978
1.0458
1.1966
0.7367
1.0143
0.8184
0.3965
0.8404
1.1354
0.9067
0.9116
0.6541
0.7309
0.5563
0.7988
0.8184
1.9154
1.0064
1.5804
0.9577
0.991
1.1354
0.9636
0.9936
0.7607
0.8072
1.0014
0.5504
1.4312
0.7158
0.3922
0.9274
1.178
0.7492
0.396
0.7621
1.6103
0.8216
0.9264
0.8044
0.8718
0.8473
0.8652
1.0749
1.2219
0.6646
0.8184
0.4655
0.9511
0.7492
1.2745
1.0361
1.0274
1.0767
0.7321
0.7107
1.143
0.5872
1.0064
0.8044
0.3936
1.1049
1.4129
1.2286
1.0808
0.9945
0.9608
1.0267
1.237
0.9746
1.0274
0.8683
0.9789
1.1166
1.0868
1.1166
0.4655
0.5771
1.0844
0.9726
1.9088
0.9936
0.3353
1.2194
0.3402
0.9252
1.0143
1.0822
1.2779
2.4401
1.7495
0.7607
1.5705
0.9746
0.3569
1.6988
1.2471
0.7568
1.0039
1.0458
1.9957
0.8951
0.7903
0.9131
1.1975
1.2147
1.0233
0.9676
1.2904
1.374
1.1741
0.5464
1.4389
0.8473
1.284
1.1037
0.4128
0.7889
1.2342
0.9136
1.09
0.853
1.7196
1.0844
1.1131
0.4282
0.755
0.8699
1.8564
0.7946
0.8576
0.7605
0.5069
1.1984
0.8473
1.4698
0.6322
0.9782
0.9933
1.073
1.5831
0.5874
0.9186
0.5402
0.9908
0.7575
0.926
1.104
1.0932
0.8047
0.3728
0.7701
1.8623
1.0767
1.0037
0.9835
0.556
0.9046
0.4279
1.2162
0.5101
0.9198
1.3521
1.244
1.3995
1.0321
0.7934
0.885
0.9161
1.3858
1.0296
1.1025
0.5948
1.1171
0.6178
0.9051
1.3041
0.9791
0.6463
1.0767
0.8404
0.4085
0.7981
1.4351
0.7607
0.6189
0.8718
0.8926
0.9125
1.0822
1.1235
0.4962
1.0591
0.6823
0.8216
1.3041
1.1444
1.0279
0.492
0.9951
0.4264
0.7835
1.1355
0.9944
1.2162
0.9784
1.1045
2.0959
1.7494
1.0143
0.8002
0.689
0.2677
0.8269
0.9132
0.5589
0.774
1.1448
0.4995
1.2343
1.4176
0.8951
0.8842
1.6786
1.5687
0.5685
1.0547
0.8113
0.9442
1.1953
0.9051
1.2779
0.7365
1.5368
1.1621
0.3478
1.2784
0.4689
1.2818
0.9577
1.4351
1.2138
1.3041
0.6514
0.9991
1.1037
1.1027
1.644
1.2225
1.0767
0.8802
1.0267
0.9186
1.2456
2.0005
1.2239
0.8699
1.0583
2.2747
1.2566
0.9046
1.2225
1.0583
0.9456
0.4915
1.1621
1.4455
0.8419
0.6943
0.3936
1.0757
1.0105
0.928
0.3608
0.6729
1.3128
0.7208
2.5879
0.5309
0.5948
0.7933
1.2231
0.8269
0.9261
1.5977
0.635
0.689
1.2953
0.8678
0.8744
0.8018
1.4169
0.8289
0.8261
0.9676
0.7641
0.7258
0.8401
0.9264
0.7391
2.4129
1.0956
0.8216
1.5561
0.7017
0.7646
0.5464
0.7206
1.0067
0.8824
1.1512
1.0695
1.4786
1.7813
0.908
0.8865
0.6485
0.5163
0.4206
1.7305
1.4068
0.8269
1.0894
0.7871
1.3135
1.0014
0.9198
0.3378
1.6185
0.7988
0.3894
3.0386
1.1354
1.4455
0.5375
1.1922
0.9051
0.9261
1.0064
0.4975
1.4698
0.7411
0.991
0.4262
0.3743
1.063
0.7529
0.8243
0.835
0.4719
1.143
0.834
0.8055
0.67490000000000006
0.834
0.7988
0.3743
0.9252
0.3936
0.9511
0.983
1.0767
1.2453
0.4072
1.5797
1.0583
0.3965
0.7935
1.0659
1.3368
0.7835
1.5279
0.9676
1.0839
1.1025
0.9261
0.3675
0.6577
0.4758
1.0267
0.7349
0.9676
0.9511
1.1931
1.4632
0.7513
1.2679
0.5523
0.9726
1.0844
0.7584
1.1715
0.3232
1.0223
0.8961
1.2779
1.3883
0.4264
1.6448
0.928
1.0267
1.0217
0.9676
0.7605
0.4638
1.4455
0.8002
1.159
0.3085
0.3353
0.9673
2.1694
0.9995
1.2191
0.7349
0.8678
0.9919
0.8828
0.7904
1.115
0.9211
1.2818
0.544
0.7646
0.9219
1.1355
1.3016
0.5751
1.3883
0.6553
0.8683
0.9046
0.6866
1.2671
1.5225
1.3269
0.8383
0.9117
1.188
1.178
1.0493
0.7965
1.4068
1.0374
0.4655
1.0825
1.6401
1.0457
0.8694
0.9046
0.9067
0.7852
0.4264
1.3424
0.7029
1.2414
0.8913
0.3984
1.4106
1.1653
0.9085
1.4312
0.9442
0.9726
0.2637
0.7138
0.9209
1.7879
0.7529
1.0341
1.6689
1.0856
1.2526
0.4107
1.3453
0.6586
1.1763
1.3059
1.2147
0.4096
0.726
0.7792
0.9697
1.3447
1.3452
0.7529
1.0221
1.749
0.9116
0.4849
0.4026
1.0088
1.2057
1.9923
1.7407
1.1986
0.8618
1.1382
0.5966
0.9106
1.4628
1.2772
0.9116
1.0088
0.5464
0.7129
1.6933
1.7869
2.1694
0.5812
1.2471
1.039
0.8404
1.1764
0.6661
0.9252
1.1763
0.9703
0.4751
1.1399
1.0374
1.3514
1.0092
1.0688
0.942
0.7028
0.8747
0.4256
1.2945
0.8976
1.4698
1.6585
0.4341
0.9589
0.7713
0.3796
0.7281
0.8699
1.2001
0.9697
0.7994
0.8718
0.9791
1.1295
0.9712
1.5427
0.9629
1.4351
0.6649
0.8127
1.0216
0.6279
0.6652
0.9224
1.2782
0.4103
0.8802
1.3356
1.3618
0.7417
0.8658
0.8713
0.3299
0.4969
0.4818
0.86
0.5726
1.2462
0.8834
0.851
1.0451
1.2684
1.2671
1.6988
1.2233
1.2147
0.7281
0.834
1.1247
1.0336
1.3874
1.0852
0.5622
1.0143
0.9919
1.056
0.9673
0.9046
0.7606
1.1049
0.9741
0.6646
0.9876
1.1619
1.0683
0.8226
0.7349
1.0388
0.9125
1.0202
1.0445
0.7492
0.4029
0.7475
0.9147
0.9006
0.9177
1.1177
0.9782
0.8768
1.374
1.0216
1.1295
0.9211
0.9261
1.3135
1.2486
1.0233
0.9245
0.4257
0.4638
1.1185
0.9491
0.9927
0.4914
0.5826
0.9633
0.9707
1.2621
0.847
0.9958
0.8085
0.8261
1.0713
1.0476
0.9966
0.8699
0.9442
1.2219
1.0808
1.3028
0.8431
0.9966
1.0267
1.0076
1.2414
1.0765
0.7282
0.7568
0.7659
0.8003
1.1899
0.8274
2.2006
1.0445
0.7362
0.3487
1.4698
0.9895
0.7773
0.8849
1.0904
1.0216
0.8699
0.8251
0.8521
1.3698
0.4884
0.6115
1.0755
0.9568
1.073
2.6984
0.5393
1.6154
1.1295
1.0887
1.3257
0.3729
0.3729
0.8296
0.9125
0.8813
0.8535
0.8728
1.1141
2.1065
1.1748
1.2219
0.9558
0.4156
1.1193
0.6774
1.1053
0.9726
0.847
0.3894
0.3921
1.2138
1.2933
0.8636
1.4106
1.2636
1.1379
1.805
1.0688
0.5402
1.0808
0.9245
1.677
1.2693
1.2392
1.172
1.0583
0.7841
1.1901
0.4853
0.9619
1.4778
0.5343
1.1621
1.6922
0.47
0.983
0.9872
1.3009
0.8401
0.6304
1.4068
0.4783
1.1891
1.2297
1.1379
1.2486
1.0583
1.0734
1.0583
1.2459
0.8004
1.2745
1.5824
0.9785
1.5018
1.2687
1.5655
0.7945
1.0213
1.1002
0.8349
0.7965
1.4312
0.9719
0.7206
1.0594
1.0274
0.9442
1.1045
1.0635
0.7206
0.7701
0.853
0.9445
1.2687
1.6274
0.7083
1.277
1.0515
1.6988
1.0361
0.391
0.5927
1.2375
1.1441
1.073
0.9442
0.3936
1.1371
1.2307
1.2471
0.6452
0.3979
0.9451
1.3378
1.0505
1.2486
0.6159
0.9564
1.3135
1.0274
0.8678
1.2687
1.2486
1.4368
1.1248
0.3353
1.178
0.8558
0.2974
0.9456
0.7402
1.2437
1.635
1.0583
0.7349
1.0457
0.5616
1.2432
0.9445
1.2695
0.3215
0.6438
1.3463
0.7659
0.8489
0.8905
0.9436
0.7281
1.0308
0.3198
0.6823
1.8809
1.0267
0.9659
1.0453
1.2225
1.0285
0.9106
1.054
1.2787
0.8699
1.0285
1.1374
1.0723
2.2191
1.0868
0.9136
1.74
0.3728
1.3586
1.1161
0.8303
1.1002
0.6961
0.9865
1.237
1.1851
1.1752
1.2755
1.0476
0.7093
1.1685
1.0723
0.9916
1.5528
0.8069
0.9835
1.1843
0.6799
1.9235
0.9029
0.8802
0.8579
0.9936
0.3579
1.2787
0.7892
1.3041
1.0037
0.3525
1.0087
1.1749
1.1352
1.46
1.0067
1.0012
1.2671
1.188
1.0223
1.1737
0.2858
0.8257
0.8443
1.0723
1.178
1.1368
0.7361
0.8636
1.0499
1.2351
0.6808
1.0583
1.0779
0.6791
0.9927
1.0374
0.8599
0.5279
0.7583
0.8318
0.8747
0.9746
1.0683
1.031
0.8636
1.3736
0.7607
1.2414
0.9726
1.001
0.9767
0.943
0.8314
0.9177
1.4256
0.565
1.1932
1.1813
1.2364
0.7464
1.4203
0.9075
1.0484
0.6637
0.7605
2.4401
1.1621
0.9377
0.9119
0.8699
1.085
1.5655
0.7945
1.0724
1.0272
1.1659
1.0586
0.7659
1.5279
1.3521
1.5705
0.9777
1.2717
0.8427
0.4412
0.9895
0.3498
0.9636
0.9746
1.0092
1.1352
0.6866
1.0741
1.0507
0.527
1.4532
1.2776
1.0547
0.6032
1.3356
0.9175
1.0552
0.841
0.9726
1.2985
0.9125
1.054
1.7711
2.0454
0.8699
0.8404
0.483
1.3016
0.7492
0.8465
0.9223
1.0274
1.0088
0.951
1.0801
0.4655
0.6646
1.2225
1.5882
0.9936
0.9944
0.41
0.7475
0.9175
0.7529
0.8961
0.876
0.7605
0.894
1.0893
1.3378
0.3417
1.0037
1.0767
0.7552
0.7681
0.9844
1.2818
0.5833
0.8168
0.8531
0.8981
1.2776
0.3257
1.1322
1.0285
1.2787
1.1458
1.0652
0.4233
0.4758
1.2138
1.374
0.3728
0.9498
0.8412
1.1906
0.9161
0.8404
1.0457
0.9136
2.1385
1.1838
1.2462
0.73
1.2194
1.0076
1.0515
2.5256
1.0341
0.9712
0.623
0.7659
0.8636
1.2454
0.61240000000000006
0.9136
0.9799
1.0723
0.8694
1.654
0.8816
1.07
0.6926
1.2687
0.7649
1.073
0.9936
1.0187
0.928
0.9872
1.4453
1.0552
1.2093
0.7475
1.0537
1.073
2.2462
1.2818
0.9974
1.0767
0.5812
0.7361
1.0458
0.8418
1.0658
0.5811
1.0357
0.7048
0.5402
1.0547
1.0844
1.0525
0.781
1.682
0.5589
1.0274
0.862
0.9161
1.0635
0.9245
1.0463
1.0211
1.1002
0.8746
0.9676
0.8683
1.1268
1.2567
0.396
1.3007
1.0346
0.6685
1.0723
0.8699
0.9781
0.969
0.781
0.7605
1.305
1.0211
0.4696
0.9256
1.2717
0.6682
0.9839
1.0635
1.0037
1.2372
0.7513
0.8309
1.1484
0.9511
0.6347
0.8675
1.2432
1.2985
1.1049
1.0339
1.0505
1.1305
0.3133
1.6873
0.9568
0.8896
0.9209
0.4085
0.8791
1.0137
0.7605
0.4688
0.8231
0.4758
1.0067
0.6455
0.8404
0.3211
1.1476
1.2486
0.8184
1.0067
0.8699
0.7737
1.2717
0.9703
1.1374
1.0767
1.2323
1.1185
0.9281
0.9981
2.4861
1.13
1.0533
0.9508
1.2372
1.0137
1.7594
1.2779
1.2914
1.1189
1.2187
1.0966
0.5172
1.346
1.0223
0.7015
0.9754
1.2787
0.9676
0.4884
1.9957
1.5669
1.4375
1.7556
0.9893
1.0336
0.4337
0.3894
0.9608
0.4469
0.8688
0.2711
0.4655
1.0583
0.8913
1.6732
1.2828
1.0233
0.9726
1.2101
1.1624
0.7988
1.2818
1.7495
1.3079
0.8251
1.2926
0.904
1.0742
0.9281
0.9712
1.2696
0.8636
0.9445
1.3356
0.7458
1.0388
1.2364
0.6729
1.2754
0.781
1.047
1.2966
1.8279
0.9797
1.2286
0.7985
0.7945
0.9676
0.9172
0.7117
0.9097
0.8699
1.054
1.0505
0.8003
0.9676
0.4282
1.5705
1.0201
1.1752
1.2139
1.6887
1.1945
0.9002
0.8699
1.7196
0.9511
0.8044
1.1183
2.4401
0.8462
1.0583
0.8046
1.4394
1.7053
1.0285
0.6941
0.7184
0.7607
1.1453
1.1774
0.9445
1.0835
0.9777
0.8699
1.417
0.7605
0.8802
0.8002
1.0868
1.0211
1.2462
1.0801
0.9865
1.0013
1.1344
0.8979
0.8419
0.862
0.7418
0.8419
1.1287
2.165
0.9442
0.8431
0.892
0.8084
0.8419
1.1453
1.0884
1.4368
0.9106
0.7309
1.0808
1.761
0.9637
0.7475
0.904
1.2139
1.0326
0.892
0.8579
0.9936
0.77
1.2139
1.3447
1.5371
0.8216
0.7281
0.9777
0.969
1.2693
1.0401
1.2462
0.7755
0.7281
0.8369
0.9782
1.5268
0.8127
0.6998
1.7594
0.8044
1.5371
0.9697
1.0458
0.7607
0.8688
1.0801
0.9504
0.8699
0.8768
0.8419
1.2538
0.7718
0.6646
1.1193
0.7726
0.951
0.9158
0.6831
0.9568
0.9095
1.0411
0.8768
0.8636
1.2818
0.9145
0.8321
0.8427
0.7953
0.9676
1.0056
1.1109
0.75
0.9158
1.3848
0.8243
0.6926
0.6652
0.8055
0.8039
0.8257
0.851
0.5357
0.4833
0.4719
0.7173
1.0151
0.8002
0.8699
0.959
0.8238
1.2364
0.5935
0.5118
1.4189
0.5114
0.5114
0.3107
0.9885
0.955
0.8184
0.5573
1.1496
2.0389
1.2343
0.8584
0.7978
0.6586
0.8976
0.9436
1.3284
1.0308
0.9029
2.3362
2.8132
1.4172
1.5009
1.1668
1.0808
0.3704
0.4283
1.1916
1.3453
1.0861
1.1248
0.7605
0.9029
0.9274
0.5976
1.7375
1.0213
1.2997
0.698
0.7292
1.2684
1.1832
0.9379
1.1931
0.491
0.7921
1.1355
1.1374
0.635
0.9619
0.4758
1.3544
1.2939
0.5464
1.2219
1.1931
0.8489
1.0754
1.0143
0.9002
0.8152
1.1699
0.5101
0.9568
1.2407
1.0308
1.6539
2.4987
0.7659
0.7648
1.2762
0.7391
1.1295
1.0798
0.8003
0.8018
1.2779
1.1045
1.7869
1.7995
0.7605
1.07
1.374
1.1247
1.7892
0.9995
0.9158
0.7036
1.0742
1.391
2.0244
1.085
0.7946
1.237
0.951
1.2286
1.6648
1.2679
2.1714
1.7686
0.9445
0.9633
1.2524
0.4513
0.9257
0.7787
0.6876
0.8628
0.868
0.9628
0.9941
0.9405
1.107
1.1172
1.0037
0.3378
2.0389
0.992
1.0498
1.4549
0.8675
1.4532
1.2779
1.1371
0.6817
0.7961
1.073
0.9245
1.2459
1.4243
1.3135
1.054
1.6294
0.4975
1.1371
0.4237
1.4617
0.7607
0.4237
0.2552
0.7458
1.0458
0.4719
0.885
1.2194
1.3652
0.8276
0.9041
0.5034
1.2018
1.1668
1.963
0.9442
0.9456
0.7389
1.1241
1.2621
0.594
1.3283
0.9872
0.6433
1.3426
0.8243
0.7646
0.9105
1.2532
1.2072
0.9637
1.0321
0.7223
2.6098
0.9029
2.0536
1.1344
1.2687
0.9161
0.8238
1.0468
1.2671
1.1171
0.4125
0.4651
1.107
0.7607
1.0286
1.1748
0.3738
0.8269
0.7475
2.0319
1.2057
0.3741
1.1491
1.2459
1.2772
1.1496
2.1187
1.46
0.9676
0.7492
1.3787
1.0341
0.9281
1.4881
0.6457
0.5935
0.7144
0.7755
1.0742
1.3118
1.0887
1.0932
0.5309
1.5989
0.3824
1.3059
0.7589
0.7945
0.5135
0.8268
0.4128
0.8046
0.9029
0.5046
0.4884
0.3213
0.7918
0.9491
0.9252
1.2159
0.9637
0.6165
1.0316
1.1013
2.2164
1.2914
0.3009
0.7138
0.8747
0.9697
0.3009
1.1235
0.7361
1.1268
0.9445
1.0285
1.0887
0.9697
1.2679
0.923
0.862
0.9746
0.7605
0.9553
0.7945
0.9224
1.6364
1.0476
1.1002
0.8942
0.951
0.6201
0.8743
1.6434
1.277
0.7836
0.892
1.0801
0.7309
0.9676
1.0476
0.914
0.7475
0.896
1.0445
0.7475
1.1166
0.8683
0.4096
1.0278
1.3858
1.0283
0.4896
1.1379
1.0274
0.48
0.5005
1.1621
0.3913
0.8678
0.3746
1.4312
1.7825
2.0573
1.3469
0.9673
0.9186
1.0734
0.4282
0.7309
0.982
1.2755
1.0591
0.5096
1.1668
2.1065
0.9511
0.861
1.0767
0.6793
1.4617
0.923
0.9504
0.9556
0.9252
1.5824
0.8683
1.4313
1.237
1.0844
0.9182
0.3834
0.96
1.0675
0.4165
1.0827
1.063
0.7988
0.9676
0.9958
0.258
1.1899
0.6866
1.2521
0.8473
0.4099
0.7202
0.9286
0.8912
0.3894
0.6916
0.6637
0.5682
1.0583
0.7309
1.0742
0.566
1.2486
0.9224
0.7104
1.5615
1.1272
1.1676
0.8184
1.0039
0.7833
0.9546
1.2286
0.5402
0.8002
0.9162
1.1906
1.2486
1.1699
1.0143
1.6568
0.5393
1.1619
0.8652
0.9
0.3506
1.0233
1.0547
0.9855
0.288
2.4987
1.1906
1.3059
1.2225
0.7479
0.416
1.0267
0.9319
0.7921
0.9198
0.9855
1.0723
1.1986
1.3135
1.0767
1.063
0.3353
1.4698
0.5983
0.61240000000000006
0.7309
0.5977
0.8768
0.8489
1.393
1.1496
1.0754
1.58
0.8184
0.7281
0.9511
0.71
0.8518
0.8816
0.8123
1.3006
1.0583
0.7623
1.3041
0.8261
0.7646
1.3762
1.0274
1.2323
0.5381
0.5401
0.8311
1.4723
1.0341
0.4084
1.0943
1.6873
1.3469
2.2076
1.0783
0.7713
1.0092
1.7196
0.6899
1.0533
1.2291
0.7082
0.8226
0.9895
0.8462
1.6401
0.8896
0.9029
0.515
1.7253
0.6786
1.3886
0.7243
1.4677
1.1741
0.4584
1.8179
0.6923
1.0515
0.9211
1.0209
0.9401
1.0849
0.9715
0.844
0.8115
0.5922
1.0457
0.9078
1.4698
1.2098
1.3059
1.3042
0.992
0.7492
0.6899
1.8342
2.0389
0.6297
0.8184
0.7868
1.2875
0.6788
0.5488
0.5761
1.2386
0.6785
1.2702
0.9676
0.9703
1.2922
1.2939
0.7755
1.5496
0.8055
1.3523
0.6533
0.7554
1.4617
1.1621
1.0088
0.9245
1.3452
1.1253
0.8951
1.0037
0.7996
0.6817
0.4655
0.4119
0.5525
0.2298
2.5369
1.2687
0.8044
1.2031
0.9612
1.0951
1.1931
0.9117
0.7988
1.2687
0.9981
0.6799
1.1303
1.0361
0.4107
0.4021
0.7281
0.9865
0.5989
1.6614
1.6409
0.3832
0.4667
1.2294
0.9116
0.515
1.3612
0.5227
1.169
0.9274
0.517
1.0767
0.3579
0.4689
0.3521
0.9703
0.7592
0.74
0.7349
1.0911
0.8289
1.1185
0.5393
1.143
0.4337
1.8715
0.5682
1.073
1.1109
0.3058
0.9511
0.7516
0.6613
1.6943
1.4527
1.0188
0.7914
1.3342
1.2219
1.2453
0.5391
1.8305
1.2471
1.3194
0.8636
0.4457
1.0777
1.288
1.07
1.2935
2.2509
0.5081
1.0835
0.9872
0.5207
0.6284
0.3769
0.6899
1.3135
0.9186
0.9524
0.7241
0.3819
0.9659
1.0357
1.3378
1.1721
1.1268
0.9746
0.7129
0.9442
1.2922
1.2456
0.9298
1.1374
0.8964
2.1271
0.9252
0.8238
0.4097
0.8709
0.7146
1.2138
1.6547
0.9261
0.7868
0.6137
0.7835
1.079
1.1365
0.8198
0.9491
0.961
0.6586
1.1696
0.4165
0.9442
1.0079
0.8234
1.0199
0.885
0.9517
1.3453
0.9895
1.2739
1.0834
0.7793
0.8184
1.2818
0.7367
1.188
1.6614
0.6524
0.7167
1.374
0.4884
0.4037
0.8802
1.1687
1.0213
0.9511
1.2985
0.6817
0.9703
0.9264
1.2598
0.5495
1.0505
0.6457
0.8766
1.2364
0.9186
1.1166
1.1166
0.7583
0.6428
1.001
1.4453
2.4987
1.0547
0.9508
1.2876
0.3894
0.9161
0.6002
1.5528
1.0092
1.1618
1.3378
1.0233
0.8184
0.9436
0.5082
0.3083
1.1931
0.4651
1.0274
1.1436
0.969
1.2687
1.2471
0.8636
0.8699
1.3356
1.0189
0.7201
0.913
1.3494
0.8044
0.6421
1.0211
0.7349
1.3059
1.0801
1.1037
1.8816
0.8768
0.5853
0.9742
1.0339
0.6748
1.1454
1.2297
1.0341
1.2486
1.2391
0.7752
0.7516
1.2784
0.7417
0.8678
0.3702
1.1235
1.1198
0.716
0.5801
0.9245
0.562
0.8951
0.664
0.67490000000000006
0.4085
0.9676
0.9676
0.5464
1.4189
0.5198
0.7648
0.9452
1.0346
1.1454
2.1875
1.5918
1.783
1.4189
1.0361
1.2373
0.9508
0.7083
0.7281
0.671
0.8683
1.2784
0.6866
1.1171
0.6899
1.2651
1.2072
0.2953
0.7833
0.7475
1.4623
0.9676
1.7813
0.4758
0.9186
0.9362
0.9568
0.6474
0.8404
0.5807
1.0151
1.2462
0.5977
0.8184
0.5034
0.9106
0.8123
0.8699
0.852
0.914
0.6808
0.5421
0.6306
0.9451
1.0274
0.6249
0.7646
0.7019
0.5685
0.9046
1.5977
1.0357
0.7206
1.2966
1.8179
0.6153
0.9676
0.7223
1.1166
0.7475
1.3006
0.3353
1.1433
1.8311
0.7605
0.9943
1.5375
1.1986
1.7967
1.0211
1.2994
0.7475
0.8046
1.7415
1.028
1.0457
1.7818
0.5712
1.103
1.057
1.3283
0.4753
0.7981
1.1374
0.461
0.8431
1.4933
1.2239
1.054
1.2687
0.7607
0.8637
0.7258
1.1916
0.9865
1.5584
1.374
1.0537
0.9855
1.2364
1.1907
1.1352
2.6551
1.3424
1.374
0.8231
1.1986
1.1382
0.7309
0.8502
0.8802
2.6098
0.7945
1.0956
0.9011
0.509
0.6961
0.9448
1.2818
1.1166
1.3733
0.7605
0.3582
0.5995
0.4738
0.7945
1.2779
1.374
0.3542
1.2057
0.6998
0.9175
0.8472
1.0064
0.3344
0.754
1.0279
1.0274
1.4455
1.0088
1.1931
0.4092
1.0026
1.1838
1.2288
1.2818
0.7208
0.8654
1.1696
0.5685
0.6918
1.0928
1.2147
0.962
1.2437
0.7868
0.9216
1.0213
0.983
0.3869
0.8285
1.0767
1.6434
0.8465
0.8184
1.0401
1.0767
1.0567
1.1986
0.5172
1.1171
0.8865
1.329
0.9006
0.5172
0.7935
0.9676
1.0249
1.1441
0.5525
0.5343
0.6249
0.7309
0.9186
1.5294
1.0285
1.1888
1.5824
0.8107
1.2138
1.1931
1.0822
0.6474
0.8698
1.1764
0.6457
1.2471
0.9676
0.8584
0.7835
0.7281
0.7458
1.3514
0.9568
0.9442
1.0629
1.2323
1.0723
1.0308
1.0537
1.1931
1.3356
0.7314
1.3523
0.8243
0.8743
0.9264
0.8349
0.8079
1.3041
0.9223
1.1618
0.6647
1.6158
0.6916
1.237
0.7646
0.9075
0.5935
1.5804
0.8834
1.2139
1.2437
1.5992
1.2687
0.4987
1.2994
0.9005
1.0808
0.2717
0.9252
1.1037
2.5416
1.3568
0.8192
0.9676
1.1448
1.0267
0.5343
0.5807
0.9075
0.81
0.7965
0.9097
0.9778
1.2696
0.9712
0.5893
1.1668
0.9673
0.8473
0.635
1.2945
0.4651
1.0844
0.9872
0.983
1.4351
0.9504
0.8091
0.3579
0.8305
1.1641
1.0476
0.6852
0.3772
0.4655
0.6142
0.3746
0.6866
0.9676
0.6297
0.7737
1.6547
1.1185
1.1843
0.96
0.7988
1.4351
0.8747
0.3668
1.6614
0.7945
0.9488
1.5279
0.8681
1.507
0.431
2.0755
1.1685
0.9511
0.9106
1.1436
1.2566
0.7945
0.3316
0.6474
1.0012
0.9183
0.9723
1.2343
0.7804
1.0274
1.073
1.2471
1.0936
1.5296
0.3738
1.2364
2.0138
0.7659
0.3918
1.0525
0.9676
0.9511
0.9491
0.8018
0.8636
0.5381
1.1276
0.6457
1.1843
0.8885
1.2717
0.9872
1.0956
1.0688
0.8269
1.103
0.8238
1.0279
1.2454
0.4205
1.5835
0.7238
0.9136
1.1696
0.7852
0.545
0.6284
1.2702
1.073
1.103
1.2288
1.3056
0.3828
0.9136
2.3362
1.2288
0.6586
2.1055
0.9085
0.7648
1.0317
1.0505
0.9264
0.8731
0.8681
0.8945
0.5227
1.8128
1.2687
0.8688
2.0706
0.6002
1.0463
1.2092
1.0557
1.0463
1.0267
1.0928
1.5931
0.73
1.0861
1.1998
0.8298
1.5279
1.2687
0.3936
0.6866
0.8404
1.2966
1.8629
1.0267
1.1931
0.3993
0.8438
0.9211
0.9569
1.2131
0.8728
1.5705
0.851
0.4606
1.3128
0.7012
0.8746
1.8661
1.4617
0.7835
0.3497
0.6465
1.7283
1.4068
1.7568
1.0221
0.8699
0.8595
0.8744
1.0817
0.7605
0.6799
0.5849
1.7998
0.4192
0.7536
1.103
1.0274
0.5035
0.4689
0.8768
0.5034
1.3356
0.8002
1.5942
0.3936
0.9075
2.2921
1.8928
1.0071
0.5441
0.8746
0.5232
0.7092
0.8724
0.4977
0.8905
1.9125
0.8068
0.8741
0.9741
0.5983
1.103
1.6434
1.1276
0.9636
0.7927
0.9067
0.7713
0.7852
0.8649
0.7231
1.4623
1.0357
0.9323
1.7647
0.9897
1.3469
1.1764
1.1763
0.8404
1.0217
0.9182
0.9442
0.9334
1.0951
0.6945
1.2482
0.5812
0.7546
1.8799
0.5977
1.3342
0.8234
0.6953
1.0844
0.3271
1.2147
0.9608
0.8385
1.7882
1.1027
0.9252
1.8086
1.2138
1.3883
1.2471
0.9264
0.8636
0.7659
1.1782
1.3041
1.0267
0.4283
1.3469
0.705
0.716
0.9981
0.9097
1.3016
0.7607
0.8076
0.885
1.3283
0.4655
1.0688
1.2404
0.983
0.556
1.0779
1.2818
0.7361
0.6823
1.3087
1.4106
0.7048
0.9175
0.9712
0.635
0.8314
1.0484
0.8055
1.2687
0.6687
0.4099
1.0801
0.9075
1.0936
1.4072
1.0267
0.8937
0.7568
1.2138
0.8098
1.1764
0.6866
0.5407
1.1344
1.1691
0.5751
1.2057
1.1916
0.9872
0.9281
1.3283
0.5081
0.3473
0.9161
0.7646
0.9116
0.6197
0.7583
1.1106
1.8233
1.2532
0.8865
1.5379
1.9015
1.1168
1.0209
0.7981
1.073
1.073
1.0216
1.374
1.6364
1.2922
0.8791
1.1629
0.5663
0.7206
1.2786
2.2858
0.8699
1.0841
0.9712
0.9895
1.0147
1.2679
0.9919
0.834
0.8636
0.9261
1.0147
1.4548
1.427
1.3342
1.0719
0.9041
1.149
1.2518
1.1984
1.2206
0.6382
1.1712
1.5704
1.1934
0.9371
1.3041
1.5977
1.2486
0.9075
1.1907
0.7182
0.8081
0.8044
1.2926
1.6218
0.8961
1.3618
0.9726
1.0894
1.1379
2.0268
0.8133
0.8741
1.1846
1.2745
1.1198
0.7646
1.0111
0.8688
0.7655
1.56
1.3218
1.2671
1.2518
1.1916
1.4623
0.9252
2.6311
1.6218
